15 0.347632 0.263525 0.081721 0.163934
15 0.274695 0.260451 0.074847 0.165984
15 0.207739 0.266803 0.072301 0.170492
15 0.141293 0.263730 0.078921 0.172541
15 0.605652 0.312090 0.077902 0.131557
15 0.671334 0.313320 0.072301 0.134016
15 0.367108 0.547336 0.104379 0.165984
15 0.497836 0.645492 0.103106 0.090984
15 0.282077 0.773975 0.076375 0.114344
15 0.209012 0.777049 0.082994 0.112295
15 0.132001 0.780328 0.081721 0.118852
15 0.536660 0.792213 0.065682 0.150820
15 0.465631 0.799590 0.084521 0.157377
15 0.354379 0.770492 0.073829 0.116393
15 0.202393 0.940984 0.080448 0.112295
15 0.543915 0.290779 0.064409 0.179098
15 0.486380 0.293852 0.053717 0.181148
15 0.269985 0.930123 0.081721 0.107787
15 0.346359 0.934426 0.089868 0.116393
15 0.614308 0.617623 0.038697 0.081967
15 0.572174 0.631557 0.058809 0.105738
15 0.586176 0.457787 0.089868 0.086066
15 0.736380 0.880533 0.071029 0.125000
15 0.087831 0.576434 0.076375 0.056148
15 0.087704 0.530123 0.079175 0.066803
15 0.112525 0.908607 0.120672 0.150820
