15 0.078647 0.164352 0.043937 0.158951
15 0.120606 0.164352 0.045255 0.149691
15 0.161907 0.159722 0.045255 0.149691
15 0.203207 0.162037 0.045255 0.145062
15 0.247144 0.163966 0.045255 0.141204
15 0.287346 0.164352 0.047891 0.158951
15 0.037786 0.172840 0.042619 0.158951
15 0.114126 0.874228 0.058216 0.163580
15 0.317004 0.570216 0.045255 0.126543
15 0.778998 0.166281 0.043937 0.145833
15 0.161248 0.874228 0.046573 0.154321
15 0.203866 0.871914 0.046573 0.158951
15 0.244069 0.871914 0.046573 0.158951
15 0.288005 0.876543 0.043937 0.149691
15 0.360940 0.574846 0.045255 0.145062
15 0.329965 0.878858 0.045255 0.154321
15 0.372583 0.871914 0.045255 0.140432
15 0.410040 0.883488 0.037566 0.163580
15 0.448814 0.835648 0.045255 0.158951
15 0.490773 0.842593 0.043937 0.154321
15 0.513511 0.633873 0.032293 0.190586
15 0.532843 0.837963 0.047671 0.145062
15 0.576670 0.840278 0.042619 0.140432
15 0.620716 0.878858 0.050308 0.163580
15 0.665861 0.874228 0.045255 0.163580
15 0.842267 0.166281 0.085237 0.145833
15 0.709139 0.876543 0.046573 0.177469
15 0.751208 0.876543 0.047671 0.158951
15 0.793278 0.871914 0.046573 0.168210
15 0.848089 0.871914 0.073594 0.149691
15 0.912786 0.874228 0.060633 0.163580
15 0.904987 0.157407 0.047671 0.154321
15 0.945738 0.168596 0.046573 0.158179
15 0.066344 0.806327 0.042619 0.236111
15 0.662676 0.568287 0.051626 0.122685
15 0.743409 0.182485 0.039982 0.185957
15 0.653669 0.255015 0.136863 0.331019
15 0.394552 0.370756 0.091828 0.108796
