15 0.310111 0.710048 0.577229 0.505263
15 0.098726 0.345455 0.151274 0.202871
15 0.110669 0.141148 0.175159 0.201914
15 0.433519 0.344498 0.150478 0.177990
15 0.420780 0.183254 0.126592 0.138756
15 0.541003 0.179426 0.128185 0.161722
15 0.848328 0.554067 0.303344 0.842105
16 0.921178 0.272249 0.057325 0.108134
16 0.784236 0.925359 0.044586 0.047847
16 0.568471 0.511005 0.073248 0.061244
16 0.492834 0.289474 0.047771 0.054545
16 0.527070 0.246890 0.046178 0.078469
16 0.421975 0.125359 0.044586 0.061244
16 0.147691 0.020096 0.048567 0.038278
16 0.144506 0.104785 0.046975 0.056459
16 0.156449 0.220574 0.043790 0.067943
