16 0.071595 0.533333 0.062257 0.078571
16 0.022957 0.538690 0.044358 0.084524
16 0.571595 0.360119 0.055253 0.084524
16 0.688716 0.364286 0.054475 0.092857
15 0.400000 0.669048 0.417121 0.333333
15 0.115953 0.668452 0.155642 0.353571
15 0.872763 0.669048 0.254475 0.321429
15 0.873152 0.915476 0.245914 0.169048
15 0.677432 0.744048 0.143969 0.511905
15 0.110895 0.281548 0.220233 0.241667
15 0.322568 0.282738 0.203113 0.244048
15 0.529572 0.279167 0.209339 0.246429
15 0.734630 0.282143 0.202335 0.240476
15 0.916342 0.277381 0.167315 0.235714
