15 0.799481 0.678959 0.033744 0.138829
15 0.826736 0.547722 0.035042 0.123644
15 0.840688 0.334056 0.040883 0.156182
15 0.734588 0.087852 0.033744 0.119306
15 0.356262 0.099783 0.044127 0.143167
16 0.903634 0.237527 0.181051 0.470716
16 0.890331 0.636659 0.207657 0.284165
16 0.709280 0.211497 0.150552 0.388286
16 0.677158 0.511931 0.162881 0.546638
16 0.651849 0.849241 0.174562 0.301518
16 0.537962 0.372017 0.171317 0.678959
16 0.494484 0.771150 0.176509 0.457701
16 0.371836 0.336226 0.190785 0.607375
16 0.327709 0.771150 0.184296 0.457701
16 0.073978 0.206074 0.146658 0.377440
16 0.203439 0.120390 0.105775 0.210412
16 0.190136 0.324295 0.094744 0.167028
