16 0.429572 0.646429 0.054475 0.088095
16 0.696498 0.448214 0.057588 0.079762
16 0.747082 0.366667 0.063813 0.076190
16 0.661089 0.329762 0.059922 0.080952
16 0.750584 0.211905 0.070817 0.083333
16 0.927626 0.198810 0.062257 0.097619
16 0.667704 0.085119 0.063813 0.077381
16 0.780934 0.081548 0.080156 0.091667
16 0.861868 0.075595 0.086381 0.091667
16 0.934630 0.079762 0.051362 0.080952
15 0.111284 0.816667 0.205447 0.221429
15 0.320233 0.817857 0.215564 0.245238
15 0.510117 0.773810 0.212451 0.330952
15 0.512062 0.495238 0.216342 0.226190
15 0.508949 0.262500 0.219455 0.246429
15 0.728405 0.603571 0.189883 0.369048
15 0.924514 0.596429 0.150973 0.350000
15 0.726848 0.277381 0.207004 0.254762
