16 0.857143 0.879001 0.280745 0.236876
16 0.636646 0.877721 0.147826 0.244558
16 0.521118 0.877081 0.090683 0.245839
16 0.401242 0.875160 0.154037 0.249680
16 0.164596 0.875800 0.326708 0.243278
15 0.359627 0.985275 0.043478 0.029449
15 0.515528 0.981434 0.052174 0.032010
16 0.680124 0.567862 0.140373 0.139565
16 0.685714 0.434059 0.141615 0.140845
15 0.652795 0.160691 0.053416 0.060179
15 0.631056 0.044174 0.054658 0.055058
15 0.696894 0.051216 0.054658 0.061460
16 0.122981 0.104994 0.161491 0.207426
16 0.363354 0.117157 0.296894 0.231754
16 0.662733 0.189501 0.152795 0.117798
16 0.809317 0.133163 0.098137 0.250960
16 0.926087 0.131242 0.118012 0.247119
