15 0.104712 0.957883 0.090052 0.047516
15 0.225654 0.960043 0.055497 0.053996
15 0.325654 0.460583 0.052356 0.048596
15 0.770681 0.713823 0.062827 0.058315
15 0.782723 0.500540 0.061780 0.063715
15 0.347120 0.316415 0.057592 0.062635
15 0.381675 0.267819 0.063874 0.066955
16 0.463351 0.187905 0.327749 0.354212
16 0.766492 0.583153 0.178010 0.228942
16 0.835602 0.782937 0.316230 0.185745
15 0.939791 0.733801 0.063874 0.059395
15 0.956545 0.517279 0.059686 0.053996
16 0.937173 0.618790 0.125654 0.274298
16 0.308377 0.566955 0.197906 0.185745
16 0.311518 0.742981 0.176963 0.192225
16 0.600000 0.666847 0.152880 0.426566
