15 0.246584 0.560819 0.048447 0.079385
15 0.802484 0.563380 0.054658 0.074264
15 0.952174 0.487836 0.053416 0.058899
15 0.967081 0.354673 0.060870 0.058899
15 0.501242 0.138284 0.085714 0.064020
15 0.094410 0.487196 0.059627 0.049936
15 0.077640 0.350832 0.060870 0.058899
16 0.095031 0.225992 0.170186 0.193342
16 0.092547 0.423175 0.172671 0.190781
16 0.373292 0.302177 0.187578 0.348271
16 0.649689 0.296415 0.216149 0.352113
16 0.934783 0.226633 0.130435 0.197183
16 0.932919 0.422535 0.134161 0.184379
