16 0.639937 0.818378 0.061845 0.064865
16 0.588574 0.817297 0.063941 0.060541
16 0.220126 0.609730 0.067086 0.067027
16 0.114780 0.710811 0.059748 0.072432
16 0.084382 0.645946 0.059748 0.061622
16 0.091719 0.587568 0.076520 0.059459
16 0.345388 0.210811 0.112159 0.077838
16 0.265723 0.129189 0.076520 0.070270
16 0.115304 0.109189 0.085954 0.080000
16 0.450210 0.812973 0.063941 0.060541
16 0.446541 0.917297 0.067086 0.074595
15 0.220650 0.236216 0.147799 0.273514
15 0.500000 0.249189 0.163522 0.210811
15 0.124738 0.658378 0.224319 0.198919
15 0.186583 0.905946 0.157233 0.183784
15 0.574948 0.870811 0.338574 0.191351
15 0.073899 0.223243 0.145702 0.292973
