16 0.863530 0.730952 0.055210 0.080952
16 0.748834 0.740476 0.060653 0.080952
16 0.451011 0.740476 0.059098 0.080952
16 0.086314 0.047619 0.057543 0.085714
15 0.903188 0.819643 0.193624 0.246429
15 0.706065 0.829167 0.223950 0.265476
15 0.491446 0.823810 0.211509 0.273810
15 0.281104 0.819048 0.215397 0.259524
15 0.087092 0.820833 0.172628 0.260714
15 0.899689 0.412500 0.200622 0.227381
15 0.898134 0.176786 0.203733 0.227381
15 0.629471 0.177381 0.212286 0.228571
15 0.634137 0.419643 0.212286 0.246429
15 0.414852 0.421429 0.224728 0.264286
15 0.417574 0.171429 0.216174 0.238095
15 0.145412 0.425000 0.216174 0.250000
15 0.141135 0.168452 0.223173 0.253571
