15 0.252270 0.688720 0.038911 0.132321
15 0.225357 0.552061 0.047341 0.106291
15 0.210441 0.360087 0.036965 0.156182
15 0.269780 0.385033 0.047990 0.140998
15 0.423476 0.393709 0.051881 0.101952
15 0.339494 0.862256 0.049935 0.119306
15 0.633268 0.605206 0.036965 0.186551
15 0.645590 0.895879 0.044747 0.160521
15 0.773022 0.550976 0.038911 0.190889
15 0.698768 0.095445 0.035668 0.147505
15 0.521077 0.085683 0.038262 0.136659
15 0.347601 0.088937 0.036316 0.147505
16 0.338521 0.173536 0.141375 0.281996
16 0.465953 0.168113 0.152399 0.301518
16 0.680934 0.180043 0.171206 0.295011
16 0.866083 0.136659 0.107004 0.203905
16 0.872892 0.318872 0.106355 0.186551
16 0.959792 0.209328 0.076524 0.383948
16 0.146563 0.326464 0.186770 0.310195
16 0.146563 0.607375 0.190661 0.255965
16 0.357328 0.482646 0.151751 0.340564
16 0.379053 0.787419 0.151102 0.312364
16 0.543126 0.624729 0.249676 0.637744
16 0.759079 0.834056 0.126459 0.331887
