15 0.723926 0.458725 0.071867 0.045977
15 0.711656 0.814525 0.066608 0.053292
15 0.712533 0.893939 0.085890 0.049112
15 0.957932 0.660397 0.038563 0.068966
15 0.915863 0.605538 0.061350 0.057471
15 0.865469 0.546499 0.053462 0.073145
15 0.848817 0.352665 0.067485 0.049112
15 0.928571 0.124869 0.048203 0.053292
15 0.982472 0.124347 0.035057 0.056426
16 0.612621 0.688088 0.108677 0.124347
16 0.820333 0.640021 0.096407 0.113898
16 0.819018 0.750261 0.093777 0.106583
16 0.893953 0.075235 0.105171 0.131661
16 0.925504 0.356844 0.080631 0.291536
