15 0.297787 0.614232 0.038900 0.123596
15 0.130785 0.601124 0.042924 0.108614
15 0.791415 0.471910 0.026828 0.086142
15 0.828303 0.473783 0.034876 0.078652
15 0.896378 0.487828 0.069081 0.106742
15 0.896043 0.723783 0.061704 0.136704
16 0.225017 0.351124 0.172368 0.252809
16 0.228035 0.876404 0.171697 0.247191
16 0.097921 0.457865 0.085848 0.436330
16 0.527498 0.683521 0.432596 0.632959
16 0.962106 0.421348 0.075788 0.370787
16 0.964453 0.798689 0.071093 0.368914
16 0.879276 0.904494 0.088531 0.191011
16 0.821932 0.380150 0.136150 0.292135
