15 0.967391 0.449074 0.040184 0.148148
15 0.640975 0.442130 0.038208 0.148148
15 0.293808 0.445602 0.039526 0.099537
15 0.394598 0.153935 0.035573 0.127315
15 0.583004 0.151620 0.036891 0.122685
15 0.769104 0.170139 0.052042 0.136574
16 0.860013 0.601852 0.129776 0.430556
16 0.961792 0.607639 0.076416 0.442130
16 0.733860 0.606481 0.127800 0.421296
16 0.609684 0.615741 0.124506 0.425926
16 0.482872 0.606481 0.129117 0.435185
16 0.341897 0.609954 0.155468 0.442130
16 0.201910 0.407407 0.129776 0.652778
