15 0.665020 0.915509 0.040184 0.127315
15 0.614954 0.918981 0.038867 0.138889
15 0.148880 0.643519 0.032938 0.101852
15 0.255270 0.634259 0.034914 0.120370
15 0.330369 0.648148 0.034914 0.134259
15 0.635046 0.642361 0.035573 0.122685
15 0.836298 0.630787 0.041502 0.127315
15 0.882082 0.755787 0.040843 0.150463
16 0.104743 0.493056 0.125165 0.416667
16 0.230896 0.495370 0.123188 0.435185
16 0.357049 0.496528 0.129117 0.446759
16 0.482872 0.486111 0.125165 0.458333
16 0.608366 0.496528 0.125823 0.460648
16 0.735837 0.483796 0.123847 0.439815
16 0.859684 0.486111 0.119895 0.430556
