15 0.826632 0.252315 0.039552 0.120370
15 0.750165 0.440972 0.044825 0.122685
15 0.354318 0.454861 0.036256 0.122685
15 0.271589 0.449074 0.040870 0.162037
15 0.146671 0.449074 0.040211 0.152778
15 0.021424 0.447917 0.034937 0.136574
15 0.258075 0.038194 0.036256 0.071759
16 0.876730 0.402778 0.119974 0.587963
16 0.730719 0.596065 0.169413 0.400463
16 0.545155 0.606481 0.213579 0.435185
16 0.375412 0.616898 0.125906 0.428241
16 0.247858 0.603009 0.133158 0.456019
16 0.124588 0.604167 0.131839 0.462963
