15 0.610677 0.759740 0.039062 0.116883
15 0.687174 0.459184 0.041016 0.102041
15 0.184245 0.512059 0.049479 0.100186
15 0.764323 0.235622 0.039062 0.122449
15 0.929362 0.107607 0.037109 0.115028
16 0.854818 0.650278 0.223958 0.692022
16 0.645508 0.684601 0.106120 0.348794
16 0.648438 0.327458 0.111979 0.376623
16 0.540690 0.657699 0.097005 0.328386
16 0.543294 0.318182 0.102214 0.361781
16 0.367839 0.509276 0.247396 0.699443
16 0.109049 0.299629 0.203776 0.291280
16 0.105794 0.644712 0.210286 0.398887
