15 0.803374 0.065076 0.033744 0.121475
15 0.252433 0.527115 0.037638 0.121475
15 0.143413 0.505423 0.033744 0.112798
15 0.181051 0.400217 0.035042 0.110629
15 0.122972 0.248373 0.033095 0.114967
16 0.312784 0.160521 0.186892 0.316703
16 0.466580 0.169197 0.173913 0.334056
16 0.636275 0.172451 0.184945 0.340564
16 0.847502 0.093275 0.115509 0.182213
16 0.845555 0.481562 0.116807 0.581345
16 0.700844 0.659436 0.159637 0.394794
16 0.521739 0.674620 0.211551 0.403471
16 0.355613 0.675705 0.123297 0.405640
16 0.208955 0.672451 0.160934 0.407809
16 0.126866 0.160521 0.081116 0.290672
16 0.062946 0.672451 0.124594 0.386117
