15 0.777525 0.429375 0.054670 0.093750
15 0.826879 0.345000 0.048595 0.077500
15 0.753986 0.283125 0.059226 0.078750
15 0.832194 0.178750 0.054670 0.100000
15 0.455201 0.620000 0.053910 0.087500
15 0.460137 0.221250 0.060744 0.110000
15 0.208808 0.340625 0.057707 0.088750
15 0.632878 0.085000 0.064541 0.100000
15 0.754366 0.049375 0.055429 0.083750
15 0.861048 0.044375 0.082005 0.083750
15 0.943432 0.046250 0.081245 0.085000
16 0.125664 0.280000 0.202733 0.292500
16 0.126044 0.567500 0.208049 0.297500
16 0.572134 0.730625 0.272589 0.371250
16 0.571754 0.351250 0.276386 0.385000
16 0.811693 0.578125 0.182232 0.381250
16 0.813591 0.259375 0.196659 0.258750
