15 0.084472 0.368286 0.081988 0.069054
15 0.450311 0.404731 0.078261 0.065217
15 0.620497 0.425192 0.055901 0.062660
15 0.800000 0.513427 0.049689 0.067775
15 0.734161 0.437980 0.057143 0.060102
15 0.031056 0.953964 0.059627 0.056266
15 0.184472 0.971228 0.058385 0.057545
15 0.368323 0.867008 0.080745 0.046036
15 0.704969 0.921355 0.053416 0.078005
16 0.173913 0.234015 0.285714 0.347826
16 0.442857 0.259591 0.234783 0.365729
16 0.622981 0.271100 0.132919 0.370844
16 0.762112 0.289003 0.127950 0.363171
15 0.542857 0.481458 0.049689 0.057545
16 0.767702 0.633632 0.116770 0.167519
16 0.754037 0.796675 0.121739 0.173913
16 0.555280 0.778133 0.139130 0.175192
16 0.462733 0.835678 0.065839 0.057545
