15 0.742556 0.927749 0.055831 0.054987
15 0.678040 0.921995 0.060794 0.066496
15 0.331266 0.905371 0.096774 0.056266
15 0.437965 0.903453 0.059553 0.060102
15 0.370968 0.578005 0.076923 0.071611
15 0.368486 0.632992 0.069479 0.056266
15 0.371588 0.681586 0.055831 0.058824
15 0.486973 0.450128 0.075682 0.053708
15 0.421216 0.374680 0.078164 0.092072
15 0.399504 0.253197 0.069479 0.092072
15 0.705335 0.373402 0.090571 0.058824
15 0.794665 0.343350 0.078164 0.065217
15 0.621588 0.331202 0.081886 0.081841
15 0.884615 0.354220 0.079404 0.076726
15 0.955335 0.395780 0.089330 0.049872
15 0.903226 0.860614 0.066998 0.102302
16 0.582506 0.193734 0.169975 0.361893
16 0.761166 0.207161 0.157568 0.358056
16 0.928040 0.172634 0.143921 0.283887
16 0.962779 0.341432 0.074442 0.099744
16 0.529156 0.622762 0.187345 0.358056
