16 0.466211 0.516250 0.065300 0.100000
16 0.573273 0.508750 0.069856 0.092500
16 0.901291 0.489375 0.078967 0.103750
16 0.911541 0.965000 0.061503 0.070000
16 0.569856 0.977500 0.046317 0.045000
15 0.125285 0.608750 0.212604 0.265000
15 0.127942 0.871875 0.198178 0.256250
15 0.416097 0.608750 0.212604 0.280000
15 0.413819 0.866250 0.212604 0.257500
15 0.625285 0.871250 0.220957 0.257500
15 0.627563 0.612500 0.217920 0.280000
15 0.846621 0.602500 0.226272 0.280000
15 0.847380 0.873750 0.226272 0.252500
