16 0.460831 0.735108 0.055156 0.083650
16 0.585931 0.558302 0.054357 0.092522
16 0.811751 0.552598 0.058353 0.093790
16 0.588729 0.169835 0.063149 0.086185
16 0.801359 0.162231 0.077538 0.091255
16 0.919664 0.157161 0.072742 0.088720
15 0.247002 0.267427 0.223821 0.288973
15 0.248201 0.551331 0.223022 0.291508
15 0.333333 0.825095 0.388489 0.250951
15 0.765787 0.820659 0.468425 0.252218
15 0.533973 0.485425 0.227018 0.230672
15 0.755396 0.479087 0.222222 0.238276
15 0.934452 0.477820 0.131095 0.228137
15 0.535172 0.238910 0.224620 0.237009
15 0.757394 0.235741 0.219824 0.230672
15 0.932454 0.237643 0.135092 0.239544
