16 0.375300 0.721166 0.051958 0.073511
16 0.369704 0.560203 0.058353 0.088720
16 0.802158 0.444233 0.053557 0.079848
16 0.764988 0.306717 0.055955 0.088720
16 0.855715 0.355513 0.050360 0.082383
16 0.859313 0.193916 0.057554 0.124208
16 0.776579 0.064639 0.063149 0.083650
16 0.252198 0.556401 0.058353 0.078580
16 0.371303 0.159062 0.071143 0.084918
16 0.248201 0.150190 0.074341 0.097592
15 0.451239 0.242712 0.283773 0.247148
15 0.447242 0.484791 0.270983 0.234474
15 0.200639 0.481622 0.225420 0.245881
15 0.200639 0.237009 0.223821 0.253485
15 0.522382 0.820025 0.410072 0.271229
15 0.837730 0.591255 0.196643 0.386565
15 0.834932 0.331432 0.199041 0.135615
15 0.885691 0.210393 0.110312 0.182510
