15 0.449708 0.689805 0.031149 0.099783
15 0.185269 0.660521 0.042180 0.145336
16 0.075925 0.780911 0.142764 0.281996
16 0.254380 0.254881 0.092148 0.279826
16 0.283258 0.818872 0.247242 0.340564
16 0.535367 0.813449 0.210253 0.347072
16 0.776444 0.816703 0.131733 0.353579
16 0.873134 0.208243 0.249838 0.394794
16 0.548345 0.228850 0.228423 0.453362
15 0.830954 0.930586 0.047372 0.130152
15 0.864698 0.669197 0.044776 0.140998
15 0.930889 0.865510 0.040883 0.112798
15 0.903310 0.119306 0.033744 0.130152
