16 0.805613 0.413043 0.058905 0.091533
16 0.808732 0.207094 0.045738 0.091533
16 0.879764 0.073227 0.074151 0.077803
16 0.110534 0.800915 0.060291 0.137300
16 0.225572 0.727117 0.056133 0.097254
16 0.498267 0.427346 0.055440 0.081236
16 0.495495 0.211670 0.059598 0.082380
15 0.751559 0.660755 0.182259 0.570938
15 0.753638 0.263158 0.178101 0.210526
15 0.918572 0.474828 0.162855 0.885584
15 0.558212 0.656751 0.182259 0.542334
15 0.557866 0.273455 0.177408 0.217391
15 0.279972 0.708810 0.379764 0.461098
15 0.232848 0.370137 0.461538 0.737986
