15 0.283773 0.210127 0.501998 0.286076
15 0.165468 0.505063 0.271783 0.291139
15 0.494804 0.489873 0.228617 0.258228
15 0.710631 0.491139 0.211031 0.270886
15 0.904476 0.354430 0.184652 0.541772
15 0.533173 0.880380 0.220624 0.239241
15 0.753797 0.877215 0.222222 0.245570
15 0.932454 0.876582 0.135092 0.244304
15 0.166267 0.824684 0.262190 0.350633
16 0.278977 0.520886 0.047962 0.092405
16 0.664668 0.588608 0.056755 0.078481
16 0.349720 0.315190 0.061551 0.113924
16 0.584333 0.791139 0.065548 0.091139
16 0.810152 0.793671 0.066347 0.096203
16 0.968026 0.586709 0.063949 0.097468
