16 0.521668 0.651242 0.072589 0.128668
16 0.657096 0.589165 0.074756 0.144470
16 0.517335 0.810384 0.081257 0.144470
16 0.646262 0.902935 0.087757 0.158014
16 0.385157 0.264108 0.111593 0.153499
16 0.602925 0.284424 0.079090 0.158014
16 0.217226 0.224605 0.079090 0.182844
16 0.035753 0.273138 0.062839 0.139955
16 0.374323 0.092551 0.070423 0.148984
16 0.547129 0.130926 0.075840 0.126411
16 0.923077 0.165914 0.058505 0.124153
16 0.867822 0.056433 0.067172 0.108352
15 0.731311 0.461625 0.190683 0.467269
15 0.716685 0.834086 0.191766 0.327314
15 0.437703 0.848758 0.203684 0.302483
15 0.455038 0.524831 0.201517 0.376975
15 0.128386 0.248307 0.254605 0.257336
15 0.122969 0.689616 0.241603 0.620767
