15 0.871595 0.411063 0.044099 0.123644
15 0.863813 0.114967 0.035019 0.212581
15 0.739624 0.151844 0.038262 0.125813
15 0.679637 0.232104 0.033722 0.134490
15 0.630350 0.248373 0.028534 0.145336
15 0.571660 0.228850 0.030480 0.119306
15 0.466602 0.240781 0.040856 0.130152
15 0.325875 0.052061 0.040856 0.099783
15 0.247082 0.053145 0.035019 0.097614
15 0.283722 0.145336 0.038262 0.225597
15 0.234436 0.434924 0.044747 0.127983
15 0.300584 0.516269 0.035668 0.130152
15 0.623865 0.520607 0.037613 0.130152
16 0.946822 0.682213 0.106355 0.414317
16 0.833982 0.682213 0.120623 0.414317
16 0.716278 0.678959 0.121271 0.433839
16 0.598898 0.675705 0.116083 0.427332
16 0.486057 0.677874 0.109598 0.409978
16 0.352464 0.680043 0.161479 0.409978
16 0.210441 0.631236 0.125162 0.464208
16 0.209468 0.202820 0.123217 0.396963
16 0.408560 0.161605 0.147860 0.314534
16 0.526265 0.155098 0.117380 0.292842
16 0.630350 0.165944 0.124514 0.323210
16 0.779183 0.181128 0.118677 0.206074
