15 0.902750 0.803940 0.036217 0.103189
15 0.863514 0.117261 0.036888 0.114447
15 0.980550 0.712008 0.038900 0.136961
15 0.355131 0.330206 0.046278 0.108818
15 0.726358 0.835835 0.054997 0.118199
15 0.354460 0.119137 0.046278 0.133208
15 0.226358 0.110694 0.042254 0.105066
15 0.254192 0.230769 0.041583 0.101313
16 0.226693 0.651032 0.140845 0.697936
16 0.174044 0.181051 0.189805 0.230769
16 0.360496 0.177298 0.083836 0.238274
16 0.537894 0.484053 0.429242 0.814259
16 0.835345 0.469043 0.167002 0.810507
