15 0.319987 0.781076 0.068359 0.107607
15 0.215495 0.542672 0.061198 0.191095
15 0.201823 0.692022 0.033854 0.100186
15 0.102865 0.687384 0.042969 0.098330
15 0.106445 0.319109 0.083984 0.204082
15 0.431641 0.184601 0.053385 0.109462
15 0.565430 0.165121 0.080078 0.159555
15 0.750977 0.179963 0.041016 0.122449
15 0.903320 0.506494 0.041016 0.111317
15 0.972982 0.186456 0.039714 0.116883
16 0.164714 0.488868 0.101562 0.510204
16 0.289062 0.525974 0.152344 0.591837
16 0.424154 0.513915 0.113932 0.567718
16 0.566406 0.521336 0.160156 0.582560
16 0.736979 0.522263 0.169271 0.588126
16 0.866862 0.343228 0.094401 0.226345
16 0.959310 0.525046 0.081380 0.589981
16 0.884440 0.637291 0.130859 0.384045
