15 0.923865 0.903483 0.040071 0.047761
15 0.880232 0.447264 0.036509 0.052736
15 0.930988 0.383582 0.041852 0.038806
15 0.802315 0.480597 0.042743 0.037811
15 0.750223 0.381592 0.052538 0.040796
15 0.616207 0.386567 0.078362 0.050746
15 0.485307 0.340796 0.046305 0.040796
15 0.364203 0.444279 0.049866 0.058706
15 0.174087 0.430348 0.052538 0.066667
15 0.171416 0.356219 0.047195 0.045771
15 0.812110 0.232338 0.083704 0.046766
16 0.658504 0.124876 0.168299 0.239801
16 0.825467 0.130846 0.156723 0.257711
16 0.948353 0.138308 0.099733 0.272637
16 0.841496 0.412438 0.131790 0.114428
16 0.715494 0.420398 0.114871 0.180100
16 0.749777 0.665174 0.099733 0.108458
16 0.749777 0.771144 0.099733 0.111443
16 0.536955 0.708955 0.112199 0.114428
16 0.890027 0.633831 0.150490 0.352239
16 0.909172 0.866667 0.105076 0.113433
16 0.251558 0.424876 0.209261 0.089552
16 0.207035 0.311443 0.107747 0.143284
16 0.310329 0.316418 0.109528 0.143284
16 0.408281 0.363682 0.102404 0.219900
16 0.510240 0.406965 0.103295 0.173134
