15 0.429448 0.743469 0.043821 0.047022
15 0.503067 0.661442 0.040316 0.050157
15 0.601665 0.498433 0.037686 0.073145
15 0.469325 0.477534 0.042945 0.079415
15 0.386065 0.400209 0.035933 0.050157
15 0.484224 0.111808 0.044698 0.094044
15 0.635846 0.201672 0.032428 0.071055
15 0.589395 0.141588 0.044698 0.055381
16 0.742770 0.694357 0.314636 0.467085
16 0.412796 0.827064 0.145486 0.201672
16 0.530675 0.718913 0.102542 0.252874
16 0.625767 0.345873 0.115688 0.217346
16 0.779579 0.224138 0.184926 0.446186
16 0.420245 0.234587 0.155127 0.375131
16 0.241455 0.243469 0.172656 0.440961
16 0.145486 0.828631 0.289220 0.200627
