15 0.841463 0.168981 0.038893 0.189815
15 0.891562 0.442130 0.037574 0.125000
15 0.619314 0.349537 0.042848 0.143519
15 0.369150 0.356481 0.043507 0.129630
15 0.233026 0.136574 0.038893 0.203704
15 0.538893 0.126157 0.048121 0.113426
16 0.341793 0.503472 0.131180 0.418981
16 0.472643 0.503472 0.122610 0.423611
16 0.595913 0.506944 0.127884 0.416667
16 0.722149 0.508102 0.128543 0.414352
16 0.861569 0.613426 0.143705 0.435185
16 0.226763 0.615741 0.106790 0.444444
16 0.111074 0.608796 0.132498 0.467593
16 0.892221 0.136574 0.215557 0.254630
