15 0.402344 0.885688 0.039062 0.109665
15 0.359701 0.884758 0.041016 0.111524
15 0.081706 0.880112 0.038411 0.113383
15 0.838867 0.880112 0.038411 0.109665
15 0.883464 0.882900 0.042969 0.096654
15 0.890951 0.541822 0.039714 0.117100
15 0.847656 0.548327 0.040365 0.126394
15 0.571289 0.546468 0.038411 0.122677
15 0.399089 0.567844 0.037760 0.117100
15 0.359375 0.571561 0.035156 0.113383
15 0.077799 0.563197 0.037109 0.115242
15 0.967773 0.181227 0.037109 0.094796
16 0.465169 0.763011 0.164714 0.314126
16 0.297852 0.766729 0.166016 0.328996
16 0.136068 0.763011 0.153646 0.314126
16 0.133789 0.410781 0.150391 0.394052
16 0.294922 0.396840 0.167969 0.429368
16 0.463216 0.397770 0.166016 0.420074
16 0.627279 0.381041 0.154297 0.397770
16 0.854167 0.385688 0.291667 0.395911
