15 0.482620 0.574627 0.036542 0.046766
15 0.485740 0.475124 0.046346 0.052736
15 0.430481 0.467662 0.040998 0.041791
15 0.367647 0.478607 0.052585 0.041791
15 0.175579 0.461692 0.044563 0.053731
15 0.057041 0.323383 0.044563 0.045771
15 0.056150 0.211443 0.040998 0.048756
15 0.030749 0.150746 0.045455 0.040796
15 0.458556 0.094030 0.043672 0.050746
15 0.493761 0.133333 0.048128 0.041791
15 0.522282 0.118408 0.040998 0.069652
16 0.172906 0.320896 0.117647 0.261692
16 0.061052 0.271144 0.109626 0.158209
16 0.212121 0.152239 0.401070 0.085572
16 0.361408 0.324876 0.107843 0.261692
15 0.207219 0.132836 0.052585 0.046766
16 0.372995 0.058209 0.266488 0.108458
16 0.122995 0.055224 0.238859 0.102488
