16 0.090052 0.718919 0.067016 0.056216
16 0.155497 0.640000 0.055497 0.077838
16 0.268063 0.563243 0.067016 0.064865
16 0.247120 0.419459 0.062827 0.071351
16 0.882199 0.562162 0.061780 0.056216
16 0.859162 0.376757 0.068063 0.070270
16 0.710471 0.208649 0.091099 0.082162
16 0.065969 0.065946 0.096335 0.058378
15 0.264921 0.296216 0.165445 0.201081
15 0.262827 0.494054 0.169634 0.196757
15 0.875916 0.301081 0.176963 0.206486
15 0.874346 0.500541 0.178010 0.177297
15 0.626178 0.373514 0.326702 0.364324
