15 0.680628 0.907568 0.638743 0.176216
15 0.136649 0.908108 0.271204 0.175135
15 0.459162 0.172973 0.132984 0.278919
15 0.687435 0.190270 0.298429 0.289730
15 0.914136 0.204324 0.146597 0.281081
15 0.201047 0.150811 0.203141 0.280000
15 0.165445 0.560541 0.106806 0.089730
15 0.478010 0.488108 0.103665 0.094054
15 0.474346 0.637838 0.110995 0.103784
16 0.514660 0.062162 0.074346 0.063784
16 0.812042 0.087027 0.070157 0.061622
16 0.557592 0.121081 0.063874 0.073514
16 0.960209 0.099459 0.075393 0.069189
