16 0.452329 0.746606 0.079090 0.144796
16 0.694475 0.782805 0.065005 0.149321
16 0.799567 0.609729 0.071506 0.156109
16 0.628927 0.591629 0.057421 0.128959
16 0.553629 0.567873 0.062839 0.190045
16 0.433911 0.552036 0.074756 0.140271
16 0.254063 0.521493 0.076923 0.160633
16 0.114301 0.500000 0.074756 0.140271
16 0.630011 0.309955 0.061755 0.131222
16 0.567172 0.152715 0.072589 0.151584
15 0.434995 0.341629 0.174431 0.556561
15 0.247562 0.309955 0.178765 0.574661
15 0.094258 0.295249 0.134345 0.563348
15 0.651138 0.373303 0.091008 0.547511
15 0.804442 0.403846 0.213434 0.585973
