16 0.263933 0.348804 0.051752 0.056459
16 0.231290 0.299522 0.048567 0.047847
16 0.440685 0.215789 0.056529 0.044976
16 0.567277 0.198086 0.053344 0.088038
16 0.701433 0.254545 0.058917 0.059330
16 0.883758 0.200478 0.044586 0.088995
16 0.785032 0.535407 0.044586 0.054545
16 0.693869 0.634450 0.043790 0.047847
16 0.696656 0.714833 0.046178 0.053589
16 0.926354 0.620574 0.088376 0.054545
16 0.880573 0.675120 0.055732 0.046890
16 0.883758 0.719617 0.039809 0.047847
16 0.928742 0.769378 0.048567 0.040191
16 0.930334 0.811005 0.053344 0.052632
16 0.935111 0.855502 0.061306 0.053589
16 0.935908 0.901914 0.069268 0.044976
16 0.939092 0.949761 0.075637 0.035407
16 0.753981 0.836364 0.097134 0.040191
16 0.769904 0.887560 0.078025 0.031579
16 0.753583 0.938278 0.056529 0.052632
16 0.621019 0.773684 0.049363 0.037321
16 0.618631 0.822488 0.054140 0.050718
16 0.628185 0.879904 0.033439 0.043062
16 0.624204 0.935885 0.038217 0.042105
16 0.021497 0.033493 0.039809 0.047847
16 0.262341 0.049761 0.078822 0.047847
16 0.494029 0.024402 0.069268 0.044976
16 0.753981 0.031579 0.141720 0.059330
16 0.485669 0.461722 0.052548 0.052632
16 0.485669 0.521053 0.049363 0.046890
16 0.369825 0.773684 0.032643 0.043062
16 0.369825 0.932536 0.037420 0.037321
15 0.158439 0.661244 0.315287 0.654545
15 0.406051 0.860287 0.176752 0.231579
15 0.585589 0.861722 0.182325 0.221053
15 0.758758 0.898565 0.160828 0.170335
15 0.932325 0.863158 0.135350 0.231579
15 0.904857 0.663158 0.188694 0.172249
15 0.407643 0.613876 0.178344 0.240191
15 0.415207 0.366029 0.187102 0.255502
15 0.591561 0.490431 0.176752 0.496651
15 0.734475 0.374163 0.126592 0.271770
15 0.895303 0.403349 0.209395 0.337799
15 0.124204 0.238278 0.245223 0.170335
