15 0.839818 0.832251 0.035019 0.093074
15 0.763943 0.827922 0.035019 0.114719
15 0.467250 0.836580 0.035668 0.093074
15 0.340143 0.819264 0.034371 0.106061
15 0.265888 0.820346 0.037613 0.099567
15 0.159533 0.823593 0.031128 0.093074
15 0.640078 0.827922 0.037613 0.114719
15 0.981842 0.595238 0.035019 0.129870
16 0.959144 0.747835 0.073930 0.482684
16 0.861543 0.689394 0.123865 0.374459
16 0.734760 0.689394 0.123217 0.387446
16 0.615435 0.688312 0.123217 0.402597
16 0.488327 0.685065 0.129702 0.396104
16 0.363165 0.685065 0.124514 0.383117
16 0.241894 0.679654 0.123217 0.385281
16 0.120623 0.688312 0.120623 0.402597
