16 0.476911 0.881340 0.070064 0.055502
16 0.183917 0.854067 0.050955 0.224880
16 0.109076 0.848325 0.046178 0.228708
16 0.109873 0.660766 0.049363 0.161722
16 0.701831 0.276077 0.054936 0.064115
15 0.124602 0.328708 0.236465 0.167464
15 0.129777 0.508612 0.243631 0.173206
15 0.124602 0.786603 0.246019 0.382775
15 0.357882 0.791388 0.230096 0.355981
15 0.357484 0.437321 0.229299 0.375120
15 0.817675 0.643541 0.253185 0.659330
15 0.822452 0.153589 0.248408 0.305263
15 0.359873 0.195215 0.229299 0.093780
15 0.360669 0.102871 0.227707 0.100478
15 0.125398 0.120574 0.247611 0.237321
