15 0.789387 0.909722 0.050758 0.115741
15 0.837838 0.921296 0.046144 0.115741
15 0.902769 0.918981 0.056032 0.162037
15 0.905735 0.613426 0.058009 0.134259
15 0.888596 0.759259 0.030323 0.138889
15 0.837179 0.600694 0.032960 0.136574
15 0.799275 0.607639 0.030982 0.108796
15 0.654581 0.664352 0.032960 0.185185
15 0.415953 0.672454 0.050099 0.182870
15 0.298616 0.784722 0.040870 0.129630
15 0.127554 0.753472 0.033619 0.104167
15 0.155570 0.885417 0.039552 0.122685
16 0.224456 0.434028 0.169413 0.293981
16 0.536585 0.731481 0.258405 0.523148
16 0.787739 0.425926 0.059328 0.263889
16 0.851681 0.409722 0.069875 0.259259
16 0.968359 0.532407 0.063283 0.449074
