15 0.481745 0.901590 0.044524 0.081511
15 0.484862 0.595427 0.041852 0.059642
15 0.588602 0.542744 0.071238 0.051690
15 0.557435 0.687376 0.076581 0.050696
15 0.866429 0.627237 0.053428 0.053678
15 0.924755 0.447813 0.047195 0.062624
15 0.930543 0.364811 0.042743 0.057654
15 0.703918 0.340954 0.050757 0.047714
16 0.377560 0.333499 0.571683 0.472167
16 0.270703 0.797217 0.445236 0.405567
16 0.728851 0.540258 0.109528 0.203777
16 0.857524 0.587475 0.140695 0.131213
16 0.879341 0.338469 0.145147 0.134195
16 0.869991 0.464215 0.162066 0.117296
16 0.737756 0.286779 0.138023 0.325050
16 0.903829 0.211730 0.192342 0.151093
