15 0.950134 0.466667 0.044524 0.041791
15 0.928762 0.364677 0.044524 0.046766
15 0.630899 0.203980 0.061443 0.045771
15 0.246215 0.565174 0.047195 0.055721
15 0.105521 0.223881 0.061443 0.057711
15 0.249777 0.210448 0.052538 0.046766
15 0.314782 0.154726 0.041852 0.084577
15 0.066785 0.091542 0.044524 0.043781
15 0.206144 0.092537 0.040071 0.045771
15 0.253785 0.091045 0.044524 0.038806
15 0.412734 0.094030 0.047195 0.050746
15 0.454141 0.094527 0.046305 0.049751
16 0.640249 0.326866 0.329475 0.263682
16 0.942119 0.268159 0.112199 0.146269
16 0.940338 0.411443 0.117542 0.140299
16 0.330810 0.677114 0.200356 0.164179
16 0.153606 0.410448 0.148709 0.142289
16 0.156723 0.264179 0.142476 0.148259
16 0.331256 0.392537 0.204809 0.395025
16 0.044969 0.056716 0.088157 0.105473
16 0.158059 0.058209 0.130899 0.114428
16 0.331256 0.056219 0.199466 0.108458
16 0.490205 0.059701 0.098842 0.111443
