16 0.538260 0.720000 0.059748 0.062703
16 0.600105 0.631892 0.063941 0.061622
16 0.475891 0.642703 0.069182 0.076757
16 0.363208 0.569189 0.061845 0.055135
16 0.412474 0.248649 0.122642 0.073514
16 0.598008 0.153514 0.078616 0.088649
16 0.079665 0.058378 0.071279 0.064865
16 0.229560 0.058378 0.071279 0.058378
16 0.317086 0.046486 0.112159 0.056216
15 0.729036 0.616757 0.298742 0.355676
15 0.720126 0.229189 0.329140 0.417297
15 0.367400 0.497297 0.175052 0.192432
15 0.368449 0.294595 0.179245 0.204324
