15 0.235178 0.946759 0.034256 0.106481
15 0.241436 0.553241 0.038867 0.101852
15 0.213768 0.413194 0.044137 0.127315
15 0.197958 0.200231 0.036232 0.155093
15 0.329381 0.829861 0.036891 0.136574
15 0.901186 0.783565 0.036891 0.150463
15 0.960474 0.300926 0.042161 0.148148
16 0.356390 0.306713 0.193676 0.585648
16 0.492754 0.280093 0.148880 0.555556
16 0.605072 0.253472 0.149539 0.502315
16 0.727602 0.274306 0.146904 0.543981
16 0.389987 0.805556 0.185771 0.388889
16 0.530303 0.762731 0.140975 0.474537
16 0.643610 0.798611 0.142292 0.402778
16 0.768445 0.768519 0.146904 0.462963
16 0.137022 0.171296 0.181818 0.314815
16 0.196970 0.822917 0.117260 0.354167
16 0.909750 0.155093 0.175231 0.273148
16 0.944993 0.693287 0.108696 0.354167
