15 0.263804 0.786834 0.057844 0.066876
15 0.276950 0.723615 0.038563 0.074190
15 0.280456 0.651515 0.038563 0.086729
15 0.283961 0.560606 0.042068 0.095089
15 0.285276 0.499478 0.042945 0.041797
15 0.291411 0.444096 0.048203 0.077325
15 0.280018 0.340125 0.067485 0.055381
15 0.335670 0.301985 0.050833 0.052247
15 0.451797 0.373041 0.042945 0.062696
16 0.525855 0.446708 0.105171 0.166144
16 0.409728 0.431034 0.116564 0.170324
16 0.765118 0.424765 0.201578 0.400209
15 0.589833 0.765935 0.043821 0.052247
15 0.726556 0.182863 0.038563 0.050157
15 0.443032 0.182341 0.055215 0.055381
15 0.309816 0.052247 0.037686 0.045977
15 0.312007 0.104493 0.042068 0.043887
15 0.266871 0.025601 0.035933 0.036573
16 0.328659 0.130617 0.070114 0.110763
16 0.787467 0.140543 0.151621 0.161964
16 0.738826 0.701149 0.313760 0.181818
16 0.730061 0.900731 0.326030 0.198537
15 0.049956 0.532915 0.043821 0.060606
15 0.027169 0.473877 0.052585 0.053292
16 0.105609 0.682341 0.209465 0.144201
16 0.148992 0.429990 0.140228 0.389760
