15 0.794241 0.796436 0.070157 0.059395
15 0.367539 0.739741 0.069110 0.071274
15 0.309424 0.749460 0.045026 0.071274
15 0.199476 0.870410 0.093194 0.060475
15 0.179058 0.459503 0.067016 0.100432
15 0.283770 0.469222 0.073298 0.091793
15 0.489529 0.410367 0.068063 0.079914
15 0.659162 0.427646 0.086911 0.075594
15 0.831937 0.438985 0.070157 0.070194
15 0.392147 0.550756 0.080628 0.053996
16 0.281675 0.276998 0.240838 0.299136
16 0.081152 0.263499 0.158115 0.295896
16 0.493194 0.296976 0.154974 0.285097
16 0.665445 0.309935 0.172775 0.304536
16 0.840838 0.325594 0.159162 0.318575
16 0.465445 0.630670 0.317277 0.226782
16 0.446073 0.828834 0.332984 0.230022
16 0.807330 0.663607 0.136126 0.227862
16 0.791099 0.867171 0.149738 0.194384
