15 0.229529 0.694622 0.057072 0.052497
15 0.241935 0.552497 0.062035 0.062740
15 0.309553 0.643406 0.058313 0.062740
15 0.375310 0.570423 0.055831 0.075544
15 0.496278 0.639565 0.076923 0.060179
15 0.241935 0.421895 0.062035 0.057618
15 0.243176 0.250960 0.064516 0.051216
15 0.484491 0.491037 0.063275 0.055058
15 0.917494 0.140845 0.075682 0.061460
15 0.250000 0.053777 0.068238 0.053777
15 0.236973 0.140845 0.044665 0.051216
16 0.492556 0.765045 0.176179 0.313700
16 0.156328 0.619718 0.200993 0.204866
16 0.146402 0.831626 0.238213 0.213828
16 0.343052 0.768246 0.152605 0.309859
16 0.482630 0.318182 0.171216 0.387964
16 0.830025 0.323944 0.317618 0.389245
16 0.179901 0.342510 0.193548 0.339309
16 0.150744 0.094110 0.137717 0.160051
