16 0.435111 0.479924 0.066083 0.097514
16 0.905653 0.763862 0.053344 0.093690
16 0.808917 0.850382 0.049363 0.046845
16 0.632962 0.847036 0.063694 0.055449
16 0.859076 0.901052 0.046178 0.043021
16 0.910430 0.963193 0.043790 0.054493
16 0.976513 0.946463 0.046975 0.053537
16 0.909634 0.679254 0.051752 0.050669
16 0.911624 0.609465 0.055732 0.044933
16 0.905255 0.435946 0.042994 0.068834
16 0.929538 0.091300 0.046975 0.048757
15 0.646497 0.855641 0.377389 0.286807
15 0.916799 0.853250 0.166401 0.276291
15 0.946258 0.546367 0.107484 0.161568
15 0.739650 0.410134 0.520701 0.615679
