0 0.147436 0.656250 0.067308 0.080357
0 0.141026 0.787946 0.048077 0.080357
0 0.807692 0.116071 0.051282 0.075893
0 0.348558 0.109375 0.040064 0.062500
0 0.387821 0.110491 0.051282 0.078125
0 0.391026 0.843750 0.038462 0.075893
0 0.137019 0.225446 0.036859 0.066964
0 0.100160 0.225446 0.046474 0.084821
0 0.600160 0.113839 0.043269 0.053571
0 0.645032 0.111607 0.049679 0.058036
0 0.585737 0.786830 0.040064 0.087054
0 0.627404 0.786830 0.046474 0.091518
0 0.141827 0.112723 0.043269 0.078125
0 0.098558 0.121652 0.040064 0.082589
