0 0.430887 0.281857 0.042662 0.051836
0 0.322526 0.389849 0.044369 0.060475
0 0.242321 0.423866 0.040956 0.063715
0 0.092150 0.097732 0.047782 0.068035
0 0.080205 0.588013 0.042662 0.063715
0 0.380973 0.772138 0.038396 0.051836
0 0.524744 0.436285 0.040956 0.047516
0 0.542235 0.382289 0.043515 0.047516
0 0.622867 0.362851 0.037543 0.058315
0 0.717577 0.374190 0.044369 0.059395
0 0.941126 0.390389 0.039249 0.068035
0 0.898464 0.269978 0.042662 0.064795
0 0.638652 0.877430 0.050341 0.070194
0 0.700085 0.873110 0.050341 0.057235
0 0.897611 0.819114 0.047782 0.057235
0 0.905717 0.633369 0.046928 0.065875
0 0.084898 0.411987 0.040102 0.059395
0 0.035836 0.505400 0.039249 0.053996
