0 0.081330 0.170109 0.026442 0.035870
0 0.141426 0.170109 0.023237 0.035870
0 0.196715 0.166304 0.023237 0.047826
0 0.257612 0.168478 0.020032 0.039130
0 0.080529 0.278804 0.024840 0.035870
0 0.142228 0.278261 0.024840 0.041304
0 0.193510 0.282065 0.023237 0.042391
0 0.257612 0.279348 0.026442 0.043478
0 0.310897 0.276087 0.027244 0.036957
0 0.382212 0.278261 0.030449 0.045652
0 0.082131 0.394565 0.032853 0.045652
0 0.140224 0.394565 0.030449 0.045652
0 0.194311 0.394565 0.028045 0.036957
0 0.256410 0.396739 0.028846 0.045652
0 0.312500 0.396739 0.030449 0.036957
0 0.383814 0.394565 0.027244 0.041304
0 0.722356 0.369022 0.023237 0.042391
0 0.566506 0.412500 0.028846 0.042391
0 0.431090 0.357065 0.035256 0.038043
0 0.517628 0.574457 0.027244 0.038043
0 0.170272 0.571739 0.023237 0.034783
0 0.149038 0.577717 0.030449 0.031522
0 0.451522 0.247826 0.023237 0.039130
0 0.034054 0.098370 0.032853 0.044565
0 0.656250 0.151087 0.030449 0.043478
0 0.781651 0.279891 0.028045 0.029348
0 0.774439 0.221739 0.024840 0.039130
0 0.428686 0.759783 0.033654 0.043478
0 0.297676 0.755435 0.024840 0.047826
0 0.473958 0.819022 0.028045 0.035870
0 0.361779 0.097283 0.028045 0.051087
0 0.816907 0.379891 0.026442 0.035870
0 0.538061 0.279348 0.028045 0.043478
