0 0.234000 0.539088 0.038667 0.032573
0 0.404000 0.543160 0.034667 0.034202
0 0.569333 0.543974 0.034667 0.048860
0 0.394667 0.127850 0.042667 0.037459
0 0.172000 0.125407 0.045333 0.039088
0 0.231333 0.050489 0.041333 0.042345
0 0.058667 0.046417 0.045333 0.050489
0 0.406667 0.047231 0.053333 0.055375
0 0.570667 0.050489 0.048000 0.045603
0 0.617333 0.133550 0.042667 0.055375
0 0.384667 0.625407 0.036000 0.055375
0 0.171333 0.625407 0.046667 0.058632
0 0.747333 0.537459 0.052000 0.065147
0 0.626000 0.617264 0.049333 0.052117
0 0.277333 0.381922 0.045333 0.057003
0 0.438000 0.478827 0.054667 0.052117
0 0.525333 0.373779 0.034667 0.047231
0 0.279333 0.881922 0.041333 0.060261
0 0.432667 0.972313 0.052000 0.048860
0 0.528667 0.870521 0.041333 0.053746
0 0.117333 0.098534 0.050667 0.057003
