0 0.509228 0.516035 0.030201 0.049563
0 0.618708 0.518950 0.036074 0.061224
0 0.477768 0.590379 0.032718 0.052478
0 0.616191 0.591108 0.031040 0.051020
0 0.757550 0.585277 0.031879 0.056851
0 0.725252 0.516035 0.032718 0.049563
0 0.401007 0.954810 0.031879 0.061224
0 0.515940 0.956997 0.040268 0.065598
0 0.621225 0.954810 0.039430 0.069971
0 0.288171 0.381195 0.034396 0.059767
0 0.323826 0.379738 0.031879 0.077259
0 0.729446 0.951166 0.046141 0.068513
0 0.119966 0.073615 0.030201 0.056851
0 0.201342 0.072157 0.030201 0.053936
