0 0.227554 0.707983 0.049536 0.075630
0 0.691176 0.705882 0.060372 0.063025
0 0.410991 0.608193 0.047988 0.069328
0 0.466718 0.606092 0.057276 0.081933
0 0.225232 0.616597 0.044892 0.090336
0 0.182663 0.616597 0.049536 0.094538
0 0.065015 0.703782 0.046440 0.063025
0 0.873065 0.211134 0.052632 0.069328
0 0.774768 0.909664 0.041796 0.067227
0 0.725232 0.915966 0.038700 0.054622
0 0.660991 0.900210 0.037152 0.065126
0 0.592879 0.883403 0.046440 0.052521
0 0.477554 0.856092 0.035604 0.060924
0 0.309598 0.828782 0.043344 0.069328
0 0.224458 0.068277 0.043344 0.056723
0 0.646285 0.069328 0.047988 0.067227
0 0.691950 0.066176 0.046440 0.065126
0 0.147059 0.674370 0.046440 0.071429
0 0.650155 0.603992 0.052632 0.069328
0 0.697368 0.603992 0.051084 0.077731
0 0.467492 0.034664 0.046440 0.060924
