0 0.240769 0.747382 0.044615 0.091623
0 0.210000 0.609948 0.053846 0.094241
0 0.062308 0.750000 0.056923 0.091623
0 0.204615 0.866492 0.046154 0.083770
0 0.643077 0.866492 0.052308 0.083770
0 0.165385 0.079843 0.044615 0.081152
0 0.213077 0.079843 0.047692 0.065445
0 0.410000 0.086387 0.038462 0.073298
0 0.447692 0.082461 0.049231 0.086387
0 0.642308 0.086387 0.044615 0.073298
0 0.685385 0.086387 0.050769 0.073298
0 0.680769 0.882199 0.041538 0.083770
0 0.686923 0.751309 0.041538 0.094241
0 0.656923 0.751309 0.049231 0.068063
