0 0.364507 0.643995 0.044708 0.060049
0 0.283303 0.543505 0.041058 0.062500
0 0.421989 0.681373 0.046533 0.063725
0 0.107664 0.761029 0.045620 0.063725
0 0.036496 0.943627 0.043796 0.056373
0 0.344434 0.945466 0.042883 0.069853
0 0.567518 0.943627 0.047445 0.056373
0 0.611314 0.476716 0.038321 0.061275
0 0.568887 0.435662 0.041058 0.057598
0 0.364964 0.370098 0.036496 0.068627
0 0.327099 0.370098 0.039234 0.073529
0 0.132755 0.369485 0.037409 0.067402
0 0.096259 0.444240 0.057482 0.067402
0 0.173814 0.518382 0.042883 0.053922
0 0.218066 0.522672 0.049270 0.057598
0 0.839872 0.486520 0.050182 0.051471
0 0.838960 0.561887 0.052007 0.057598
0 0.052464 0.266544 0.044708 0.062500
0 0.755018 0.271446 0.042883 0.072304
0 0.952555 0.333333 0.051095 0.061275
0 0.942062 0.712623 0.042883 0.057598
0 0.937500 0.926471 0.048358 0.063725
0 0.723540 0.813113 0.052920 0.052696
0 0.365420 0.125613 0.057482 0.096814
