0 0.253571 0.210199 0.053571 0.077114
0 0.339286 0.191542 0.053571 0.074627
0 0.499107 0.202736 0.041071 0.062189
0 0.584821 0.199005 0.037500 0.059701
0 0.676786 0.728856 0.042857 0.054726
0 0.586607 0.735075 0.051786 0.062189
0 0.541964 0.732587 0.055357 0.082090
0 0.759821 0.727612 0.055357 0.062189
0 0.909821 0.384328 0.051786 0.052239
0 0.903571 0.284826 0.050000 0.072139
0 0.907143 0.578358 0.050000 0.067164
0 0.133929 0.686567 0.050000 0.079602
0 0.140179 0.554726 0.051786 0.059701
0 0.704464 0.201493 0.048214 0.059701
0 0.780357 0.200249 0.039286 0.057214
0 0.138393 0.956468 0.055357 0.057214
