0 0.091837 0.618363 0.038265 0.068584
0 0.250638 0.484513 0.039541 0.066372
0 0.283163 0.619469 0.038265 0.066372
0 0.251913 0.089602 0.029337 0.073009
0 0.448342 0.449115 0.042092 0.075221
0 0.554847 0.603982 0.043367 0.057522
0 0.133929 0.871681 0.043367 0.075221
0 0.366071 0.869469 0.035714 0.070796
0 0.540816 0.881637 0.045918 0.081858
0 0.727041 0.876106 0.030612 0.075221
0 0.720663 0.417035 0.038265 0.064159
0 0.053571 0.210177 0.035714 0.061947
0 0.663265 0.100664 0.040816 0.068584
0 0.798469 0.414823 0.035714 0.073009
0 0.770408 0.435841 0.033163 0.084071
