0 0.332308 0.139831 0.027692 0.035109
0 0.295385 0.319007 0.024615 0.037530
0 0.265000 0.423729 0.020769 0.041162
0 0.626154 0.156174 0.023077 0.033898
0 0.532308 0.095642 0.026154 0.046005
0 0.632692 0.096852 0.023846 0.026634
0 0.729615 0.092615 0.030000 0.042373
0 0.757308 0.154964 0.022308 0.041162
0 0.533846 0.463680 0.026154 0.038741
0 0.630769 0.463075 0.024615 0.032688
0 0.728846 0.466707 0.020769 0.049637
0 0.331538 0.498789 0.029231 0.043584
0 0.466538 0.140436 0.022308 0.041162
0 0.499615 0.161017 0.023846 0.036320
0 0.521154 0.525424 0.022308 0.043584
0 0.549231 0.597458 0.023077 0.039952
0 0.832692 0.214286 0.022308 0.024213
0 0.831154 0.750000 0.020769 0.032688
0 0.783846 0.636804 0.018462 0.038741
0 0.761154 0.639225 0.019231 0.036320
0 0.725000 0.635593 0.020769 0.041162
0 0.694615 0.618039 0.027692 0.052058
0 0.630000 0.615617 0.026154 0.047215
0 0.693462 0.661017 0.014615 0.021792
