1,0.20473130841121495,0.2520891364902507,0.0455607476635514,0.12047353760445682
1,0.32593457943925236,0.25696378830083566,0.0455607476635514,0.11002785515320335
1,0.3221378504672897,0.3502785515320334,0.04877336448598131,0.08774373259052924
1,0.32389018691588783,0.4035515320334262,0.0540303738317757,0.03447075208913649
1,0.3373247663551402,0.46274373259052926,0.08586448598130841,0.0967966573816156
1,0.3195093457943925,0.4752785515320334,0.0540303738317757,0.056406685236768804
1,0.23276869158878505,0.4738857938718663,0.04906542056074766,0.037604456824512536
1,0.23393691588785046,0.43245125348189417,0.05227803738317757,0.05188022284122563
1,0.24591121495327103,0.3046657381615599,0.07476635514018691,0.2214484679665738
1,0.2835864485981308,0.3151114206128134,0.01606308411214953,0.017757660167130918
1,0.4182242990654206,0.3255571030640669,0.16442757009345793,0.23711699164345404
1,0.39544392523364486,0.459958217270195,0.039135514018691586,0.05501392757660167
1,0.4287383177570093,0.4620473537604457,0.036799065420560745,0.05327298050139276
1,0.4617406542056075,0.4777158774373259,0.04088785046728972,0.07625348189415042
1,0.495911214953271,0.49303621169916434,0.040011682242990655,0.06232590529247911
1,0.5636682242990654,0.47980501392757663,0.037967289719626166,0.02437325905292479
1,0.6030957943925234,0.49408077994428967,0.04964953271028037,0.044220055710306405
1,0.616822429906542,0.5731197771587744,0.071553738317757,0.1270891364902507
1,0.5735981308411215,0.6023676880222841,0.03650700934579439,0.07903899721448468
1,0.6276285046728972,0.6535515320334262,0.04147196261682243,0.042827298050139274
1,0.5540303738317757,0.7089136490250696,0.038551401869158876,0.06720055710306407
1,0.5899532710280374,0.7085654596100278,0.036799065420560745,0.06789693593314763
1,0.6308411214953271,0.7009052924791086,0.04964953271028037,0.08426183844011143
1,0.4889018691588785,0.7085654596100278,0.036799065420560745,0.06511142061281337
1,0.4532710280373832,0.7113509749303621,0.03417056074766355,0.0706824512534819
1,0.4191004672897196,0.7116991643454039,0.03358644859813084,0.07172701949860724
1,0.379964953271028,0.7113509749303621,0.0455607476635514,0.07207520891364902
1,0.33936915887850466,0.7092618384401114,0.03592289719626168,0.06894150417827298
1,0.3005257009345794,0.753133704735376,0.07564252336448599,0.030292479108635098
1,0.30227803738317754,0.7945682451253482,0.07505841121495327,0.0584958217270195
1,0.3060747663551402,0.862116991643454,0.06804906542056074,0.07834261838440111
1,0.3119158878504673,0.935933147632312,0.056366822429906545,0.07416434540389973
1,0.3685747663551402,0.9352367688022284,0.04964953271028037,0.05257660167130919
1,0.43633177570093457,0.9369777158774373,0.07301401869158879,0.06615598885793872
1,0.3787967289719626,0.7907381615598886,0.05052570093457944,0.05536211699164345
1,0.3787967289719626,0.8440111420612814,0.05110981308411215,0.05222841225626741
1,0.4375,0.8346100278551533,0.07038551401869159,0.14275766016713093
1,0.5651285046728972,0.817200557103064,0.056366822429906545,0.11455431754874652
1,0.6375584112149533,0.8001392757660167,0.04293224299065421,0.0706824512534819
1,0.6378504672897196,0.8467966573816156,0.04351635514018692,0.05745125348189415
1,0.6758177570093458,0.79491643454039,0.037967289719626166,0.06093314763231198
1,0.7129088785046729,0.8192896935933147,0.036214953271028034,0.11002785515320335
1,0.7724883177570093,0.8189415041782729,0.0370911214953271,0.11664345403899722
1,0.8075350467289719,0.8812674094707521,0.036214953271028034,0.05466573816155989
1,0.8072429906542056,0.7600974930362117,0.03154205607476635,0.07137883008356546
1,0.8098714953271028,0.8091922005571031,0.038843457943925234,0.030292479108635098
1,0.7827102803738317,0.70508356545961,0.08294392523364486,0.07242339832869081
1,0.6968457943925234,0.709958217270195,0.08119158878504673,0.10167130919220056
1,0.7129088785046729,0.5121866295264624,0.07213785046728972,0.06824512534818941
1,0.8051985981308412,0.5201949860724234,0.04380841121495327,0.05988857938718663
1,0.7847546728971962,0.42513927576601673,0.06717289719626168,0.09122562674094707
1,0.7061915887850467,0.4025069637883008,0.09813084112149532,0.10515320334261838
1,0.6460280373831776,0.3763927576601671,0.04322429906542056,0.05501392757660167
1,0.6410630841121495,0.42270194986072424,0.04088785046728972,0.049094707520891366
1,0.5823598130841121,0.36142061281337046,0.02161214953271028,0.037604456824512536
1,0.6103971962616822,0.35759052924791085,0.037675233644859814,0.029596100278551533
1,0.5385514018691588,0.387883008356546,0.06717289719626168,0.10027855153203342
1,0.5960864485981309,0.40598885793871864,0.055198598130841124,0.08321727019498608
1,0.4529789719626168,0.125,0.2076518691588785,0.19080779944289694
1,0.5660046728971962,0.19080779944289694,0.04497663551401869,0.07764623955431754
1,0.5727219626168224,0.10027855153203342,0.04614485981308411,0.11385793871866295
1,0.6139018691588785,0.20543175487465182,0.06279205607476636,0.05396935933147632
1,0.6147780373831776,0.16086350974930363,0.05899532710280374,0.049094707520891366
1,0.616822429906542,0.11873259052924791,0.056950934579439255,0.0483983286908078
1,0.6317172897196262,0.07520891364902507,0.08119158878504673,0.05814763231197772
1,0.677570093457944,0.21030640668523676,0.038843457943925234,0.05327298050139276
1,0.7149532710280374,0.21413649025069637,0.038551401869158876,0.05118384401114206
1,0.6988901869158879,0.12325905292479108,0.07593457943925233,0.13857938718662952
1,0.8627336448598131,0.3408774373259053,0.11098130841121495,0.08600278551532034
1,0.09725467289719626,0.4115598885793872,0.18808411214953272,0.4756267409470752
2,0.1726051401869159,0.8405292479108635,0.01985981308411215,0.02681058495821727
2,0.23948598130841123,0.8467966573816156,0.02161214953271028,0.02437325905292479
2,0.30432242990654207,0.8624651810584958,0.01723130841121495,0.024721448467966575
2,0.2701518691588785,0.9091225626740947,0.014602803738317757,0.023328690807799445
2,0.290303738317757,0.791782729805014,0.026869158878504672,0.027506963788300837
2,0.31600467289719625,0.7994428969359332,0.01255841121495327,0.026114206128133706
2,0.30169392523364486,0.9195682451253482,0.014894859813084112,0.02402506963788301
2,0.32505841121495327,0.9286211699164345,0.027745327102803738,0.027158774373259052
2,0.35514018691588783,0.9362813370473537,0.013142523364485981,0.023328690807799445
2,0.379964953271028,0.9369777158774373,0.012850467289719626,0.022284122562674095
2,0.3942757009345794,0.9484679665738162,0.02219626168224299,0.026114206128133706
2,0.42348130841121495,0.9282729805013927,0.026869158878504672,0.02576601671309192
2,0.4503504672897196,0.9265320334261838,0.01664719626168224,0.027158774373259052
2,0.37938084112149534,0.8823119777158774,0.030957943925233645,0.027506963788300837
2,0.3805490654205608,0.8440111420612814,0.021904205607476634,0.023676880222841225
2,0.36565420560747663,0.8478412256267409,0.01723130841121495,0.02576601671309192
2,0.43633177570093457,0.8370473537604457,0.025408878504672897,0.02576601671309192
2,0.3764602803738318,0.7963091922005571,0.040595794392523366,0.03168523676880223
2,0.8063668224299065,0.9185236768802229,0.01985981308411215,0.032729805013927575
2,0.8066588785046729,0.8819637883008357,0.02394859813084112,0.026114206128133706
2,0.8075350467289719,0.8408774373259053,0.02891355140186916,0.025069637883008356
2,0.8072429906542056,0.8102367688022284,0.028621495327102803,0.02437325905292479
2,0.8069509345794392,0.7674094707520891,0.02891355140186916,0.026462395543175487
2,0.7780373831775701,0.7566155988857939,0.029789719626168224,0.024721448467966575
2,0.7132009345794392,0.8112813370473537,0.027453271028037383,0.025069637883008356
2,0.6758177570093458,0.7945682451253482,0.02219626168224299,0.026114206128133706
2,0.6758177570093458,0.8443593314763231,0.027745327102803738,0.026462395543175487
2,0.6314252336448598,0.9139972144846796,0.02949766355140187,0.026114206128133706
2,0.638142523364486,0.8457520891364902,0.028037383177570093,0.026114206128133706
2,0.6372663551401869,0.7945682451253482,0.027453271028037383,0.02576601671309192
2,0.5388434579439252,0.8137186629526463,0.026869158878504672,0.025069637883008356
2,0.5435163551401869,0.754874651810585,0.02949766355140187,0.02437325905292479
2,0.7818341121495327,0.7071727019498607,0.028037383177570093,0.028551532033426183
2,0.6985981308411215,0.7054317548746518,0.030957943925233645,0.02541782729805014
2,0.6139018691588785,0.7078690807799443,0.02949766355140187,0.025069637883008356
2,0.5490654205607477,0.70508356545961,0.027453271028037383,0.027506963788300837
2,0.495035046728972,0.7026462395543176,0.0227803738317757,0.024721448467966575
2,0.44742990654205606,0.7036908077994429,0.022488317757009345,0.025069637883008356
2,0.4278621495327103,0.7103064066852368,0.018107476635514017,0.026114206128133706
2,0.3808411214953271,0.7106545961002786,0.025408878504672897,0.02576601671309192
2,0.34082943925233644,0.7144846796657381,0.03154205607476635,0.04387186629526462
2,0.31220794392523366,0.7169220055710307,0.027453271028037383,0.03864902506963788
2,0.3060747663551402,0.7538300835654597,0.03592289719626168,0.023676880222841225
2,0.348714953271028,0.7607938718662952,0.02891355140186916,0.02681058495821727
2,0.39369158878504673,0.6246518105849582,0.02570093457943925,0.028899721448467967
2,0.5061331775700935,0.5978412256267409,0.02453271028037383,0.02681058495821727
2,0.46904205607476634,0.5574512534818942,0.0227803738317757,0.02576601671309192
2,0.6223714953271028,0.6545961002785515,0.03650700934579439,0.03377437325905292
2,0.6328855140186916,0.6215181058495822,0.015771028037383176,0.028899721448467967
2,0.6042640186915887,0.5828690807799443,0.016355140186915886,0.05188022284122563
2,0.6290887850467289,0.557799442896936,0.027161214953271028,0.03064066852367688
2,0.5727219626168224,0.5825208913649025,0.0227803738317757,0.028203342618384402
2,0.5721378504672897,0.6187325905292479,0.020735981308411214,0.025069637883008356
2,0.7330607476635514,0.6068941504178273,0.01606308411214953,0.03307799442896936
2,0.7102803738317757,0.512883008356546,0.018107476635514017,0.02576601671309192
2,0.6025116822429907,0.4909470752089137,0.029789719626168224,0.03168523676880223
2,0.5703855140186916,0.504874651810585,0.028621495327102803,0.024721448467966575
2,0.49561915887850466,0.4923398328690808,0.027453271028037383,0.027506963788300837
2,0.5017523364485982,0.4453342618384401,0.03125,0.030292479108635098
2,0.46115654205607476,0.48119777158774374,0.03008177570093458,0.02924791086350975
2,0.42932242990654207,0.47458217270194986,0.025992990654205607,0.018802228412256268
2,0.4109228971962617,0.4979108635097493,0.030957943925233645,0.02437325905292479
2,0.39602803738317754,0.4620473537604457,0.026577102803738317,0.027158774373259052
2,0.36098130841121495,0.46935933147632314,0.01985981308411215,0.029596100278551533
2,0.316588785046729,0.47876044568245124,0.029205607476635514,0.03238161559888579
2,0.32330607476635514,0.4334958217270195,0.026285046728971962,0.026114206128133706
2,0.3235981308411215,0.4052924791086351,0.026285046728971962,0.02054317548746518
2,0.32389018691588783,0.34958217270194986,0.014602803738317757,0.026114206128133706
2,0.2316004672897196,0.4714484679665738,0.03475467289719626,0.027506963788300837
2,0.2336448598130841,0.43558495821727017,0.021320093457943924,0.024721448467966575
2,0.27190420560747663,0.33809192200557103,0.01985981308411215,0.026462395543175487
2,0.24386682242990654,0.30362116991643456,0.029205607476635514,0.027506963788300837
2,0.29526869158878505,0.30327298050139273,0.02949766355140187,0.026114206128133706
2,0.28796728971962615,0.26775766016713093,0.02336448598130841,0.03064066852367688
2,0.32710280373831774,0.2618384401114206,0.026869158878504672,0.03516713091922006
2,0.7683995327102804,0.5174094707520891,0.025408878504672897,0.033426183844011144
2,0.8049065420560748,0.5215877437325905,0.018983644859813083,0.032729805013927575
2,0.7862149532710281,0.42235376044568246,0.018691588785046728,0.030292479108635098
2,0.7061915887850467,0.40215877437325903,0.03271028037383177,0.028203342618384402
2,0.6504088785046729,0.39136490250696376,0.03183411214953271,0.02576601671309192
2,0.5934579439252337,0.4011142061281337,0.025992990654205607,0.029596100278551533
2,0.6115654205607477,0.35724233983286907,0.019275700934579438,0.027855153203342618
2,0.5835280373831776,0.35480501392757663,0.016939252336448597,0.02402506963788301
2,0.5470210280373832,0.387883008356546,0.02891355140186916,0.027855153203342618
2,0.45239485981308414,0.13022284122562675,0.04205607476635514,0.05814763231197772
2,0.572429906542056,0.10201949860724234,0.06950934579439252,0.05362116991643454
2,0.5677570093457944,0.18837047353760444,0.02161214953271028,0.027855153203342618
2,0.6103971962616822,0.20299442896935932,0.013434579439252336,0.027506963788300837
2,0.6121495327102804,0.1612116991643454,0.014018691588785047,0.028203342618384402
2,0.615070093457944,0.11942896935933148,0.017523364485981307,0.026114206128133706
2,0.6396028037383178,0.10933147632311978,0.02394859813084112,0.02541782729805014
2,0.6311331775700935,0.07590529247910864,0.015186915887850467,0.026114206128133706
2,0.59375,0.2214484679665738,0.0227803738317757,0.02681058495821727
2,0.6454439252336449,0.2381615598885794,0.02891355140186916,0.027506963788300837
2,0.678446261682243,0.21030640668523676,0.013726635514018691,0.023676880222841225
2,0.7134929906542056,0.21309192200557103,0.013434579439252336,0.027855153203342618
2,0.6971378504672897,0.12395543175487465,0.02044392523364486,0.02402506963788301
0,0.2657710280373832,0.2994428969359331,0.021320093457943924,0.013579387186629526
0,0.26314252336448596,0.30954038997214484,0.0073014018691588784,0.007311977715877437
0,0.2964369158878505,0.2785515320334262,0.013434579439252336,0.018105849582172703
0,0.3119158878504673,0.29909470752089135,0.014894859813084112,0.014972144846796657
0,0.3107476635514019,0.3178969359331476,0.016939252336448597,0.016016713091922007
0,0.3317757009345794,0.3450557103064067,0.01022196261682243,0.013231197771587743
0,0.33119158878504673,0.3579387186629526,0.009637850467289719,0.01149025069637883
0,0.3308995327102804,0.37012534818941506,0.01197429906542056,0.01288300835654596
0,0.3282710280373832,0.38196378830083566,0.01197429906542056,0.01288300835654596
0,0.3051985981308411,0.3955431754874652,0.015478971962616822,0.016364902506963788
0,0.3019859813084112,0.43837047353760444,0.013726635514018691,0.018454038997214484
0,0.30169392523364486,0.4568245125348189,0.014602803738317757,0.014972144846796657
0,0.2371495327102804,0.46413649025069637,0.016355140186915886,0.018802228412256268
0,0.19626168224299065,0.833217270194986,0.014018691588785047,0.017409470752089137
0,0.1615070093457944,0.8924094707520891,0.014018691588785047,0.015668523676880222
0,0.2628504672897196,0.8899721448467967,0.01255841121495327,0.019498607242339833
0,0.32973130841121495,0.9098189415041783,0.014602803738317757,0.015668523676880222
0,0.33031542056074764,0.8732590529247911,0.015186915887850467,0.015668523676880222
0,0.36185747663551404,0.8600278551532033,0.014602803738317757,0.015668523676880222
0,0.4088785046728972,0.8976323119777159,0.01723130841121495,0.014972144846796657
0,0.40829439252336447,0.9230501392757661,0.014018691588785047,0.016364902506963788
0,0.32914719626168226,0.7764623955431755,0.013434579439252336,0.014275766016713091
0,0.36185747663551404,0.7764623955431755,0.014602803738317757,0.014623955431754874
0,0.3294392523364486,0.7534818941504178,0.014018691588785047,0.027158774373259052
0,0.3957359813084112,0.7329387186629527,0.012850467289719626,0.017061281337047353
0,0.41063084112149534,0.7336350974930362,0.013726635514018691,0.017409470752089137
0,0.41063084112149534,0.7733286908077994,0.013142523364485981,0.016364902506963788
0,0.4319509345794392,0.7541782729805014,0.014602803738317757,0.028551532033426183
0,0.4623247663551402,0.7325905292479109,0.013434579439252336,0.016713091922005572
0,0.48014018691588783,0.733983286908078,0.01723130841121495,0.018454038997214484
0,0.522196261682243,0.7193593314763231,0.02394859813084112,0.017409470752089137
0,0.5347546728971962,0.7736768802228412,0.016355140186915886,0.0201949860724234
0,0.6328855140186916,0.8272980501392758,0.012266355140186916,0.01532033426183844
0,0.6401869158878505,0.8652506963788301,0.013726635514018691,0.017409470752089137
0,0.6752336448598131,0.8147632311977716,0.014894859813084112,0.017061281337047353
0,0.6755257009345794,0.7736768802228412,0.014894859813084112,0.016016713091922007
0,0.7126168224299065,0.862116991643454,0.014602803738317757,0.02054317548746518
0,0.6650116822429907,0.7541782729805014,0.013726635514018691,0.017061281337047353
0,0.6302570093457944,0.6660863509749304,0.01664719626168224,0.02193593314763231
0,0.813376168224299,0.9004178272980501,0.01255841121495327,0.017409470752089137
0,0.7765771028037384,0.8680362116991643,0.016939252336448597,0.014275766016713091
0,0.8066588785046729,0.7325905292479109,0.01255841121495327,0.017409470752089137
0,0.7234228971962616,0.7454735376044568,0.019275700934579438,0.018105849582172703
0,0.7646028037383178,0.6803621169916435,0.02336448598130841,0.016713091922005572
0,0.7213785046728972,0.6678272980501393,0.017815420560747662,0.018105849582172703
0,0.7905957943925234,0.5522284122562674,0.01664719626168224,0.016016713091922007
0,0.7558411214953271,0.4958217270194986,0.013726635514018691,0.017757660167130918
0,0.7745327102803738,0.4623955431754875,0.026577102803738317,0.02158774373259053
0,0.6667640186915887,0.4885097493036212,0.024240654205607476,0.02193593314763231
0,0.6337616822429907,0.48502785515320335,0.014018691588785047,0.017409470752089137
0,0.6171144859813084,0.5069637883008357,0.012850467289719626,0.017409470752089137
0,0.5911214953271028,0.5184540389972145,0.015186915887850467,0.016016713091922007
0,0.5730140186915887,0.48363509749303624,0.013142523364485981,0.016016713091922007
0,0.5289135514018691,0.4878133704735376,0.02453271028037383,0.023676880222841225
0,0.5934579439252337,0.43245125348189417,0.02394859813084112,0.018454038997214484
0,0.6696845794392523,0.439066852367688,0.02453271028037383,0.017757660167130918
0,0.5800233644859814,0.3736072423398329,0.014894859813084112,0.016713091922005572
0,0.48656542056074764,0.4697075208913649,0.013142523364485981,0.016713091922005572
0,0.4485981308411215,0.504874651810585,0.013142523364485981,0.017409470752089137
0,0.3866822429906542,0.5027855153203342,0.018107476635514017,0.02924791086350975
0,0.38522196261682246,0.47597493036211697,0.015186915887850467,0.01915041782729805
0,0.4845210280373832,0.3168523676880223,0.018691588785046728,0.031337047353760444
0,0.5110981308411215,0.241991643454039,0.024824766355140186,0.022284122562674095
0,0.5207359813084113,0.19045961002785516,0.02511682242990654,0.02054317548746518
0,0.5642523364485982,0.21518105849582173,0.015771028037383176,0.019498607242339833
0,0.6127336448598131,0.22040389972144847,0.016355140186915886,0.021239554317548745
0,0.48685747663551404,0.20717270194986073,0.015771028037383176,0.016713091922005572
0,0.5595794392523364,0.1190807799442897,0.02102803738317757,0.016016713091922007
0,0.6314252336448598,0.15807799442896936,0.015771028037383176,0.019498607242339833
0,0.6699766355140186,0.16295264623955433,0.016355140186915886,0.029596100278551533
0,0.6813668224299065,0.22701949860724233,0.013726635514018691,0.01915041782729805
0,0.7102803738317757,0.22876044568245124,0.016355140186915886,0.020891364902506964
0,0.6577102803738317,0.09401114206128133,0.015771028037383176,0.01915041782729805
0,0.6334696261682243,0.12813370473537605,0.01664719626168224,0.018802228412256268
0,0.7970210280373832,0.8645543175487466,0.014602803738317757,0.014972144846796657
0,0.8165887850467289,0.8666434540389972,0.014018691588785047,0.017409470752089137
