1,0.12996495327102803,0.06093314763231198,0.102803738317757,0.1190807799442897
1,0.09754672897196262,0.09575208913649025,0.04147196261682243,0.04247910863509749
1,0.285338785046729,0.07799442896935933,0.22371495327102803,0.1309192200557103
1,0.0873247663551402,0.1775766016713092,0.06425233644859812,0.0766016713091922
1,0.08820093457943926,0.24303621169916434,0.055490654205607476,0.06824512534818941
1,0.13492990654205608,0.1532033426183844,0.03387850467289719,0.029596100278551533
1,0.1679322429906542,0.21413649025069637,0.056950934579439255,0.13857938718662952
1,0.2167056074766355,0.19498607242339833,0.0566588785046729,0.09122562674094707
1,0.23598130841121495,0.25487465181058494,0.10134345794392523,0.07137883008356546
1,0.2654789719626168,0.20055710306406685,0.055198598130841124,0.09261838440111421
1,0.08089953271028037,0.34958217270194986,0.06921728971962617,0.09853760445682451
1,0.16530373831775702,0.35480501392757663,0.11623831775700935,0.10306406685236769
1,0.23773364485981308,0.3628133704735376,0.05023364485981308,0.09505571030640668
1,0.28154205607476634,0.3659470752089137,0.05169392523364486,0.09401114206128133
1,0.33352803738317754,0.3711699164345404,0.0657126168224299,0.09505571030640668
1,0.3358644859813084,0.2590529247910863,0.04585280373831776,0.06580779944289694
1,0.40274532710280375,0.26915041782729804,0.1022196261682243,0.07764623955431754
1,0.40654205607476634,0.20334261838440112,0.1001752336448598,0.07416434540389973
1,0.5043808411214953,0.22249303621169916,0.04760514018691589,0.0905292479108635
1,0.5002920560747663,0.2799442896935933,0.05081775700934579,0.06615598885793872
1,0.4141355140186916,0.37569637883008355,0.06337616822429906,0.09366295264623956
1,0.4702102803738318,0.38335654596100277,0.08907710280373832,0.0988857938718663
1,0.5338785046728972,0.387883008356546,0.04935747663551402,0.09540389972144847
1,0.5762266355140186,0.3931058495821727,0.05052570093457944,0.09505571030640668
1,0.6179906542056075,0.39623955431754876,0.04994158878504673,0.09157381615598886
1,0.5884929906542056,0.5327298050139275,0.08761682242990654,0.0766016713091922
1,0.41647196261682246,0.09540389972144847,0.053738317757009345,0.0988857938718663
1,0.4655373831775701,0.10027855153203342,0.054906542056074766,0.09505571030640668
1,0.5125584112149533,0.1048050139275766,0.05286214953271028,0.09784122562674094
1,0.5908294392523364,0.11281337047353761,0.10835280373831775,0.10654596100278552
1,0.5741822429906542,0.2503481894150418,0.10718457943925233,0.141016713091922
1,0.7251752336448598,0.2176183844011142,0.08674065420560748,0.19672701949860724
1,0.6962616822429907,0.4014623955431755,0.05841121495327103,0.07207520891364902
1,0.7251752336448598,0.6030640668523677,0.11302570093457943,0.06615598885793872
1,0.7608060747663551,0.7183147632311978,0.08936915887850468,0.1392757660167131
1,0.7610981308411215,0.8457520891364902,0.08966121495327103,0.11629526462395544
1,0.6600467289719626,0.8039693593314763,0.05023364485981308,0.06371866295264624
1,0.6606308411214953,0.7388579387186629,0.05110981308411215,0.06754874651810584
1,0.5741822429906542,0.7715877437325905,0.06483644859813084,0.1371866295264624
1,0.48919392523364486,0.7388579387186629,0.052570093457943924,0.07311977715877438
1,0.48744158878504673,0.7966573816155988,0.05023364485981308,0.0807799442896936
1,0.5297897196261683,0.7705431754874652,0.0344626168224299,0.13857938718662952
1,0.3665303738317757,0.7705431754874652,0.13405373831775702,0.1392757660167131
1,0.2447429906542056,0.7963091922005571,0.05052570093457944,0.0846100278551532
1,0.2441588785046729,0.7392061281337048,0.05227803738317757,0.0706824512534819
1,0.20531542056074767,0.7701949860724234,0.029205607476635514,0.13440111420612813
1,0.15683411214953272,0.7705431754874652,0.0625,0.1347493036211699
1,0.11098130841121495,0.7681058495821727,0.03183411214953271,0.13753481894150418
1,0.07330607476635514,0.737116991643454,0.04760514018691589,0.07311977715877438
1,0.07389018691588785,0.8050139275766016,0.04848130841121495,0.06511142061281337
1,0.04147196261682243,0.7151810584958217,0.016355140186915886,0.028551532033426183
1,0.06220794392523365,0.628133704735376,0.04468457943925234,0.09540389972144847
1,0.1054322429906542,0.6274373259052924,0.04380841121495327,0.09714484679665739
1,0.24094626168224298,0.6267409470752089,0.23072429906542055,0.09575208913649025
1,0.07885514018691589,0.5302924791086351,0.08411214953271028,0.07973537604456825
1,0.32651869158878505,0.4996518105849582,0.0540303738317757,0.05396935933147632
1,0.4115070093457944,0.48084958217270196,0.04468457943925234,0.04874651810584958
1,0.40917056074766356,0.5261142061281338,0.04585280373831776,0.05118384401114206
1,0.3989485981308411,0.6284818941504178,0.04468457943925234,0.0908774373259053
1,0.4842289719626168,0.628133704735376,0.12646028037383178,0.09122562674094707
1,0.5689252336448598,0.6274373259052924,0.04264018691588785,0.09296657381615599
1,0.6106892523364486,0.628133704735376,0.04380841121495327,0.09435933147632312
2,0.035630841121495324,0.891016713091922,0.02570093457943925,0.0383008356545961
2,0.17231308411214954,0.895891364902507,0.03650700934579439,0.027855153203342618
2,0.17289719626168223,0.7701949860724234,0.035630841121495324,0.028551532033426183
2,0.07242990654205607,0.8036211699164345,0.03475467289719626,0.028203342618384402
2,0.07330607476635514,0.7392061281337048,0.03592289719626168,0.030292479108635098
2,0.3653621495327103,0.8948467966573816,0.037383177570093455,0.030988857938718663
2,0.24503504672897197,0.741991643454039,0.036214953271028034,0.03203342618384401
2,0.24532710280373832,0.8018802228412256,0.03387850467289719,0.03377437325905292
2,0.36477803738317754,0.7635793871866295,0.0370911214953271,0.03238161559888579
2,0.5604556074766355,0.8951949860724234,0.037675233644859814,0.03064066852367688
2,0.48860981308411217,0.8032729805013927,0.035630841121495324,0.03899721448467967
2,0.5610397196261683,0.7705431754874652,0.03475467289719626,0.027855153203342618
2,0.6609228971962616,0.8032729805013927,0.03387850467289719,0.03064066852367688
2,0.6991822429906542,0.8903203342618384,0.0227803738317757,0.029596100278551533
2,0.7608060747663551,0.8450557103064067,0.03125,0.03238161559888579
2,0.7622663551401869,0.7207520891364902,0.03212616822429906,0.03238161559888579
2,0.6603387850467289,0.7388579387186629,0.03650700934579439,0.02924791086350975
2,0.740070093457944,0.604108635097493,0.021320093457943924,0.030988857938718663
2,0.6936331775700935,0.6131615598885793,0.0344626168224299,0.028899721448467967
2,0.6933411214953271,0.5828690807799443,0.02394859813084112,0.03203342618384401
2,0.6139018691588785,0.6302228412256268,0.03154205607476635,0.028203342618384402
2,0.5686331775700935,0.6323119777158774,0.03300233644859813,0.030988857938718663
2,0.5157710280373832,0.6295264623955432,0.03592289719626168,0.031337047353760444
2,0.45151869158878505,0.6284818941504178,0.0370911214953271,0.034818941504178275
2,0.39544392523364486,0.6288300835654597,0.035630841121495324,0.028899721448467967
2,0.48744158878504673,0.7378133704735376,0.04030373831775701,0.037604456824512536
2,0.3694509345794392,0.6894150417827298,0.036214953271028034,0.028203342618384402
2,0.33352803738317754,0.6309192200557103,0.03417056074766355,0.04004178272980501
2,0.2818341121495327,0.6288300835654597,0.036214953271028034,0.03307799442896936
2,0.21962616822429906,0.6288300835654597,0.03650700934579439,0.030292479108635098
2,0.15683411214953272,0.6291782729805014,0.036799065420560745,0.03064066852367688
2,0.1054322429906542,0.6465877437325905,0.03417056074766355,0.029944289693593314
2,0.05899532710280374,0.6455431754874652,0.038551401869158876,0.029944289693593314
2,0.07593457943925233,0.5313370473537604,0.029205607476635514,0.03168523676880223
2,0.41238317757009346,0.560933147632312,0.025408878504672897,0.030988857938718663
2,0.4109228971962617,0.5292479108635098,0.024240654205607476,0.03447075208913649
2,0.41442757009345793,0.47980501392757663,0.02161214953271028,0.030292479108635098
2,0.3712032710280374,0.49686629526462395,0.03533878504672897,0.03238161559888579
2,0.32564252336448596,0.5376044568245125,0.02570093457943925,0.029944289693593314
2,0.32330607476635514,0.5020891364902507,0.0227803738317757,0.03238161559888579
2,0.3279789719626168,0.4610027855153203,0.025408878504672897,0.032729805013927575
2,0.272196261682243,0.4972144846796657,0.038551401869158876,0.03168523676880223
2,0.5925817757009346,0.5316852367688022,0.027161214953271028,0.030292479108635098
2,0.6492406542056075,0.5233286908077994,0.03592289719626168,0.03864902506963788
2,0.6971378504672897,0.4007660167130919,0.02832943925233645,0.03795264623955432
2,0.6305490654205608,0.39415041782729804,0.03358644859813084,0.035515320334261836
2,0.5820677570093458,0.39032033426183843,0.03300233644859813,0.03586350974930362
2,0.5408878504672897,0.3896239554317549,0.03066588785046729,0.03516713091922006
2,0.48510514018691586,0.36664345403899723,0.03475467289719626,0.03447075208913649
2,0.4047897196261682,0.3777855153203343,0.040595794392523366,0.04665738161559889
2,0.3332359813084112,0.3732590529247911,0.0344626168224299,0.037604456824512536
2,0.277161214953271,0.35724233983286907,0.03592289719626168,0.029596100278551533
2,0.2324766355140187,0.3565459610027855,0.037967289719626166,0.037604456824512536
2,0.1927570093457944,0.35967966573816157,0.03592289719626168,0.030988857938718663
2,0.1378504672897196,0.3530640668523677,0.03300233644859813,0.031337047353760444
2,0.08323598130841121,0.34784122562674097,0.03650700934579439,0.03307799442896936
2,0.06016355140186916,0.3551532033426184,0.03183411214953271,0.033426183844011144
2,0.022488317757009345,0.48920612813370473,0.036799065420560745,0.03168523676880223
2,0.0540303738317757,0.23885793871866295,0.038551401869158876,0.03203342618384401
2,0.08265186915887851,0.2280640668523677,0.03008177570093458,0.035515320334261836
2,0.08820093457943926,0.1796657381615599,0.03592289719626168,0.04596100278551532
2,0.03475467289719626,0.157033426183844,0.04205607476635514,0.03307799442896936
2,0.1433995327102804,0.1371866295264624,0.041179906542056076,0.041434540389972144
2,0.1679322429906542,0.20995821727019498,0.03387850467289719,0.032729805013927575
2,0.21816588785046728,0.19045961002785516,0.027745327102803738,0.03516713091922006
2,0.26460280373831774,0.1991643454038997,0.03125,0.036211699164345405
2,0.23656542056074767,0.2527855153203343,0.03387850467289719,0.03795264623955432
2,0.09287383177570094,0.0947075208913649,0.036214953271028034,0.0383008356545961
2,0.1314252336448598,0.045612813370473536,0.02949766355140187,0.0383008356545961
2,0.06483644859813084,0.028203342618384402,0.026285046728971962,0.04108635097493036
2,0.2251752336448598,0.07277158774373259,0.028037383177570093,0.03447075208913649
2,0.3373247663551402,0.306058495821727,0.0397196261682243,0.03655988857938719
2,0.40274532710280375,0.2719359331476323,0.030373831775700934,0.04700557103064067
2,0.3390771028037383,0.20682451253481896,0.040011682242990655,0.03864902506963788
2,0.40274532710280375,0.20438718662952646,0.03271028037383177,0.03725626740947075
2,0.5011682242990654,0.27785515320334264,0.025992990654205607,0.03168523676880223
2,0.5049649532710281,0.21413649025069637,0.03125,0.032729805013927575
2,0.4702102803738318,0.16469359331476324,0.04351635514018692,0.030292479108635098
2,0.5735981308411215,0.2517409470752089,0.02453271028037383,0.02924791086350975
2,0.6819509345794392,0.2479108635097493,0.038843457943925234,0.036211699164345405
2,0.7280957943925234,0.2193593314763231,0.03271028037383177,0.03899721448467967
2,0.6623831775700935,0.08495821727019498,0.029789719626168224,0.034818941504178275
2,0.5893691588785047,0.1048050139275766,0.027161214953271028,0.027506963788300837
2,0.5157710280373832,0.09575208913649025,0.03592289719626168,0.031337047353760444
2,0.4661214953271028,0.09331476323119778,0.038259345794392524,0.03307799442896936
2,0.4185163551401869,0.0887883008356546,0.039135514018691586,0.03168523676880223
2,0.33440420560747663,0.07903899721448468,0.024824766355140186,0.035515320334261836
