1,0.13726635514018692,0.05153203342618384,0.0540303738317757,0.10027855153203342
1,0.18049065420560748,0.05466573816155989,0.04731308411214953,0.10201949860724234
1,0.21904205607476634,0.06580779944289694,0.04439252336448598,0.11316155988857939
1,0.27453271028037385,0.06754874651810584,0.08177570093457943,0.10584958217270195
1,0.3341121495327103,0.07137883008356546,0.056366822429906545,0.10445682451253482
1,0.3796728971962617,0.07625348189415042,0.04439252336448598,0.10201949860724234
1,0.415303738317757,0.07973537604456825,0.04351635514018692,0.10201949860724234
1,0.47955607476635514,0.08008356545961003,0.10134345794392523,0.10236768802228412
1,0.5680490654205608,0.08948467966573816,0.04614485981308411,0.0947075208913649
1,0.6101051401869159,0.05013927576601671,0.038259345794392524,0.035515320334261836
1,0.5362149532710281,0.16887186629526463,0.08615654205607477,0.04178272980501393
1,0.370035046728972,0.1674791086350975,0.0344626168224299,0.04944289693593315
1,0.36740654205607476,0.21448467966573817,0.0344626168224299,0.05153203342618384
1,0.4120911214953271,0.21901114206128133,0.03329439252336448,0.05327298050139276
1,0.41617990654205606,0.17165738161559888,0.03417056074766355,0.049094707520891366
1,0.5376752336448598,0.23119777158774374,0.1080607476635514,0.10828690807799443
1,0.5476051401869159,0.29596100278551535,0.08703271028037383,0.03586350974930362
1,0.5476051401869159,0.3321727019498607,0.08703271028037383,0.04944289693593315
1,0.4848130841121495,0.30536211699164345,0.04147196261682243,0.0887883008356546
1,0.45064252336448596,0.3018802228412256,0.03212616822429906,0.08739554317548746
1,0.4252336448598131,0.3018802228412256,0.03154205607476635,0.08147632311977716
1,0.402161214953271,0.2785515320334262,0.023072429906542055,0.030988857938718663
1,0.3823014018691589,0.2785515320334262,0.016355140186915886,0.03064066852367688
1,0.3910630841121495,0.32486072423398327,0.040011682242990655,0.03690807799442897
1,0.33761682242990654,0.27715877437325903,0.04672897196261682,0.03690807799442897
1,0.3212616822429907,0.2956128133704735,0.08002336448598131,0.08008356545961003
1,0.26489485981308414,0.29108635097493035,0.04322429906542056,0.07903899721448468
1,0.22254672897196262,0.28725626740947074,0.0514018691588785,0.07799442896935933
1,0.1816588785046729,0.2837743732590529,0.04088785046728972,0.07834261838440111
1,0.12938084112149534,0.278899721448468,0.07622663551401869,0.08147632311977716
1,0.0969626168224299,0.12291086350974931,0.016939252336448597,0.018454038997214484
1,0.09170560747663552,0.20299442896935932,0.016939252336448597,0.019498607242339833
1,0.1244158878504673,0.16469359331476324,0.05286214953271028,0.10271587743732591
1,0.19363317757009346,0.17200557103064068,0.04702102803738318,0.10167130919220056
1,0.23276869158878505,0.17792479108635098,0.04877336448598131,0.09227019498607242
1,0.27190420560747663,0.18071030640668523,0.051985981308411214,0.09784122562674094
1,0.32242990654205606,0.2336350974930362,0.02161214953271028,0.02437325905292479
1,0.33352803738317754,0.20438718662952646,0.04585280373831776,0.08217270194986072
1,0.5280373831775701,0.08530640668523677,0.038259345794392524,0.09261838440111421
1,0.6232476635514018,0.26323119777158777,0.07447429906542057,0.07416434540389973
1,0.6577102803738317,0.17061281337047354,0.06950934579439252,0.16051532033426183
1,0.563376168224299,0.5132311977715878,0.037967289719626166,0.07938718662952646
1,0.5268691588785047,0.5132311977715878,0.035046728971962614,0.07938718662952646
1,0.4567757009345794,0.5132311977715878,0.10572429906542057,0.07903899721448468
1,0.38580607476635514,0.512883008356546,0.03533878504672897,0.0786908077994429
1,0.3580607476635514,0.512883008356546,0.01985981308411215,0.0786908077994429
1,0.33031542056074764,0.5132311977715878,0.036214953271028034,0.07903899721448468
1,0.23452102803738317,0.5132311977715878,0.1542056074766355,0.07938718662952646
1,0.13960280373831777,0.5135793871866295,0.03387850467289719,0.07799442896935933
1,0.10397196261682243,0.5139275766016713,0.0370911214953271,0.07938718662952646
1,0.04147196261682243,0.5706824512534819,0.04702102803738318,0.04596100278551532
1,0.041764018691588786,0.6403203342618384,0.04731308411214953,0.09540389972144847
1,0.036214953271028034,0.713091922005571,0.06074766355140187,0.0584958217270195
1,0.035630841121495324,0.7694986072423399,0.0592873831775701,0.05884401114206128
1,0.11711448598130841,0.7520891364902507,0.04030373831775701,0.0887883008356546
1,0.2175817757009346,0.7520891364902507,0.16092289719626168,0.0908774373259053
1,0.1133177570093458,0.6319637883008357,0.040595794392523366,0.11107242339832869
1,0.18341121495327103,0.6256963788300836,0.05110981308411215,0.100974930362117
1,0.25613317757009346,0.6124651810584958,0.04205607476635514,0.07172701949860724
1,0.25671728971962615,0.658774373259053,0.04351635514018692,0.056406685236768804
1,0.3241822429906542,0.6323119777158774,0.0455607476635514,0.11246518105849582
1,0.38843457943925236,0.6337047353760445,0.052570093457943924,0.1149025069637883
1,0.4602803738317757,0.6124651810584958,0.04264018691588785,0.07277158774373259
1,0.45940420560747663,0.6601671309192201,0.04410046728971963,0.055710306406685235
1,0.5341705607476636,0.6319637883008357,0.05023364485981308,0.11037604456824512
1,0.6033878504672897,0.6316155988857939,0.041179906542056076,0.11142061281337047
1,0.6358060747663551,0.7555710306406686,0.038551401869158876,0.09366295264623956
1,0.6769859813084113,0.5933147632311978,0.056950934579439255,0.12360724233983286
1,0.6334696261682243,0.3241643454038997,0.04731308411214953,0.06302228412256268
2,0.5207359813084113,0.7357242339832869,0.030957943925233645,0.027506963788300837
2,0.6302570093457944,0.7305013927576601,0.02102803738317757,0.027506963788300837
2,0.688376168224299,0.5950557103064067,0.025408878504672897,0.028551532033426183
2,0.6033878504672897,0.6309192200557103,0.02891355140186916,0.02924791086350975
2,0.5204439252336449,0.6305710306406686,0.030373831775700934,0.027506963788300837
2,0.4599883177570093,0.658774373259053,0.029205607476635514,0.030292479108635098
2,0.45940420560747663,0.6058495821727019,0.03154205607476635,0.030292479108635098
2,0.35776869158878505,0.6260445682451253,0.03417056074766355,0.02924791086350975
2,0.3580607476635514,0.7343314763231198,0.03387850467289719,0.028551532033426183
2,0.1953855140186916,0.737116991643454,0.03125,0.027506963788300837
2,0.25613317757009346,0.6584261838440112,0.030373831775700934,0.027506963788300837
2,0.2564252336448598,0.6055013927576601,0.03066588785046729,0.028203342618384402
2,0.19655373831775702,0.6305710306406686,0.029205607476635514,0.024721448467966575
2,0.11799065420560748,0.7552228412256268,0.03125,0.027506963788300837
2,0.11273364485981309,0.629874651810585,0.03154205607476635,0.029596100278551533
2,0.08615654205607477,0.7273676880222841,0.021904205607476634,0.028899721448467967
2,0.1022196261682243,0.5013927576601671,0.03650700934579439,0.03168523676880223
2,0.14018691588785046,0.5114902506963789,0.035046728971962614,0.057799442896935935
2,0.18341121495327103,0.5135793871866295,0.029789719626168224,0.025069637883008356
2,0.23452102803738317,0.5135793871866295,0.03241822429906542,0.022284122562674095
2,0.18370327102803738,0.5149721448467967,0.04994158878504673,0.06302228412256268
2,0.23481308411214954,0.5146239554317549,0.04964953271028037,0.06302228412256268
2,0.2865070093457944,0.5139275766016713,0.027161214953271028,0.03064066852367688
2,0.2867990654205608,0.516016713091922,0.05169392523364486,0.06545961002785515
2,0.33352803738317754,0.5177576601671309,0.03417056074766355,0.037604456824512536
2,0.3639018691588785,0.5644150417827298,0.03358644859813084,0.02541782729805014
2,0.3782126168224299,0.4982590529247911,0.030957943925233645,0.029596100278551533
2,0.43078271028037385,0.5132311977715878,0.024240654205607476,0.025069637883008356
2,0.4830607476635514,0.5153203342618384,0.02453271028037383,0.02541782729805014
2,0.5680490654205608,0.5121866295264624,0.029205607476635514,0.02681058495821727
2,0.5268691588785047,0.5146239554317549,0.028621495327102803,0.027158774373259052
2,0.4783878504672897,0.40668523676880225,0.02949766355140187,0.03064066852367688
2,0.3241822429906542,0.4073816155988858,0.02219626168224299,0.023328690807799445
2,0.39602803738317754,0.42827298050139273,0.02161214953271028,0.02541782729805014
2,0.39544392523364486,0.38857938718662954,0.021320093457943924,0.023676880222841225
2,0.36565420560747663,0.3593314763231198,0.024824766355140186,0.026114206128133706
2,0.2803738317757009,0.358983286908078,0.02161214953271028,0.026114206128133706
2,0.6352219626168224,0.32172701949860727,0.021320093457943924,0.030292479108635098
2,0.6214953271028038,0.2719359331476323,0.03329439252336448,0.02681058495821727
2,0.5455607476635514,0.3307799442896936,0.01985981308411215,0.02681058495821727
2,0.5478971962616822,0.3004874651810585,0.020151869158878503,0.02402506963788301
2,0.48598130841121495,0.30954038997214484,0.02511682242990654,0.028899721448467967
2,0.45210280373831774,0.3043175487465181,0.025992990654205607,0.027158774373259052
2,0.4255257009345794,0.3050139275766017,0.026869158878504672,0.02402506963788301
2,0.4497663551401869,0.25487465181058494,0.03212616822429906,0.02541782729805014
2,0.39310747663551404,0.3227715877437326,0.029205607476635514,0.02576601671309192
2,0.4039135514018692,0.27959610027855153,0.02044392523364486,0.02541782729805014
2,0.3823014018691589,0.27715877437325903,0.02336448598130841,0.028203342618384402
2,0.3028621495327103,0.2956128133704735,0.02570093457943925,0.03064066852367688
2,0.2739485981308411,0.2827298050139276,0.027161214953271028,0.024721448467966575
2,0.2605140186915888,0.3043175487465181,0.024240654205607476,0.026114206128133706
2,0.23481308411214954,0.27785515320334264,0.025408878504672897,0.026462395543175487
2,0.21407710280373832,0.2994428969359331,0.02336448598130841,0.02681058495821727
2,0.18808411214953272,0.28481894150417825,0.025408878504672897,0.022284122562674095
2,0.1536214953271028,0.28307799442896936,0.025408878504672897,0.02541782729805014
2,0.12938084112149534,0.2757660167130919,0.020151869158878503,0.06197771587743733
2,0.08323598130841121,0.22527855153203344,0.026869158878504672,0.026114206128133706
2,0.09579439252336448,0.17235376044568246,0.027161214953271028,0.026114206128133706
2,0.12324766355140188,0.16678272980501394,0.01985981308411215,0.023676880222841225
2,0.2362733644859813,0.16190807799442897,0.01985981308411215,0.028899721448467967
2,0.3855140186915888,0.24756267409470753,0.030373831775700934,0.027158774373259052
2,0.32242990654205606,0.22841225626740946,0.024240654205607476,0.02576601671309192
2,0.33352803738317754,0.1991643454038997,0.02891355140186916,0.027855153203342618
2,0.36886682242990654,0.21065459610027856,0.03475467289719626,0.041434540389972144
2,0.4132593457943925,0.2176183844011142,0.03358644859813084,0.04387186629526462
2,0.36886682242990654,0.16608635097493035,0.02949766355140187,0.030988857938718663
2,0.4120911214953271,0.16991643454038996,0.029789719626168224,0.03795264623955432
2,0.4719626168224299,0.19811977715877438,0.029205607476635514,0.028551532033426183
2,0.5362149532710281,0.23015320334261838,0.027745327102803738,0.028899721448467967
2,0.6188668224299065,0.1737465181058496,0.030957943925233645,0.027158774373259052
2,0.6591705607476636,0.1692200557103064,0.028621495327102803,0.026114206128133706
2,0.6054322429906542,0.07729805013927576,0.019567757009345793,0.023676880222841225
2,0.5698014018691588,0.08217270194986072,0.02511682242990654,0.03238161559888579
2,0.509053738317757,0.10933147632311978,0.026869158878504672,0.02541782729805014
2,0.415303738317757,0.07590529247910864,0.02453271028037383,0.027506963788300837
2,0.3796728971962617,0.07486072423398328,0.029205607476635514,0.030292479108635098
2,0.33440420560747663,0.06580779944289694,0.023656542056074766,0.028203342618384402
2,0.28095794392523366,0.06302228412256268,0.019275700934579438,0.026462395543175487
2,0.22780373831775702,0.09331476323119778,0.013726635514018691,0.02437325905292479
2,0.22021028037383178,0.05884401114206128,0.018399532710280372,0.02576601671309192
2,0.18049065420560748,0.05536211699164345,0.017815420560747662,0.026462395543175487
2,0.16880841121495327,0.08809192200557103,0.019275700934579438,0.027506963788300837
2,0.1378504672897196,0.0504874651810585,0.02161214953271028,0.027506963788300837
2,0.11127336448598131,0.05257660167130919,0.019567757009345793,0.024721448467966575
