1,0.736857476635514,0.1991643454038997,0.09199766355140188,0.06754874651810584
1,0.7999415887850467,0.19951253481894152,0.04088785046728972,0.0685933147632312
1,0.8630257009345794,0.2357242339832869,0.04147196261682243,0.04700557103064067
1,0.8621495327102804,0.18976323119777158,0.0423481308411215,0.046309192200557105
1,0.8151285046728972,0.29352367688022285,0.1387266355140187,0.06894150417827298
1,0.856892523364486,0.3398328690807799,0.054906542056074766,0.057799442896935935
1,0.7882593457943925,0.3398328690807799,0.08177570093457943,0.059192200557103065
1,0.8382009345794392,0.42270194986072424,0.1425233644859813,0.10967966573816156
1,0.8382009345794392,0.5316852367688022,0.1425233644859813,0.108983286908078
1,0.8825934579439252,0.6434540389972145,0.0514018691588785,0.044220055710306405
1,0.8107476635514018,0.612116991643454,0.02453271028037383,0.031337047353760444
1,0.7505841121495327,0.612116991643454,0.02570093457943925,0.030988857938718663
1,0.8641939252336449,0.7816852367688022,0.08031542056074767,0.07520891364902507
1,0.8644859813084113,0.762883008356546,0.08089953271028037,0.03795264623955432
1,0.7485397196261683,0.7127437325905293,0.03066588785046729,0.06754874651810584
1,0.7727803738317757,0.746866295264624,0.10251168224299065,0.13997214484679665
1,0.7832943925233645,0.8467966573816156,0.08177570093457943,0.06615598885793872
1,0.7824182242990654,0.9115598885793872,0.08352803738317757,0.06337047353760446
1,0.7879672897196262,0.971100278551532,0.07272196261682243,0.055710306406685235
1,0.7876752336448598,1.0403899721448469,0.07389018691588785,0.08321727019498608
1,0.8712032710280374,1.014275766016713,0.09491822429906542,0.13649025069637882
1,0.8720794392523364,0.9049442896935933,0.09345794392523364,0.1737465181058496
1,1.0327102803738317,0.9610027855153204,0.1001752336448598,0.2479108635097493
1,0.6927570093457944,0.9704038997214485,0.057535046728971966,0.06128133704735376
1,0.6372663551401869,0.8624651810584958,0.04497663551401869,0.10201949860724234
1,0.6410630841121495,0.9286211699164345,0.04030373831775701,0.03516713091922006
1,0.6372663551401869,0.9641364902506964,0.04935747663551402,0.031337047353760444
1,0.6372663551401869,1.001740947075209,0.04964953271028037,0.05222841225626741
1,0.6495327102803738,1.0525766016713092,0.06016355140186916,0.06128133704735376
1,0.5814836448598131,1.040041782729805,0.06600467289719626,0.08530640668523677
1,0.5160630841121495,1.0396935933147633,0.06454439252336448,0.08495821727019498
1,0.5154789719626168,0.9522980501392758,0.0657126168224299,0.08948467966573816
1,0.5160630841121495,0.8617688022284122,0.06658878504672897,0.0887883008356546
1,0.5832359813084113,0.9063370473537604,0.06775700934579439,0.18071030640668523
1,0.5867406542056075,0.7980501392757661,0.05987149532710281,0.03655988857938719
1,0.6536214953271028,0.721100278551532,0.03533878504672897,0.05536211699164345
1,0.6731892523364486,0.7238857938718662,0.03592289719626168,0.059192200557103065
1,0.6206191588785047,0.6413649025069638,0.1451518691588785,0.116991643454039
1,0.6223714953271028,0.5295961002785515,0.14894859813084113,0.1068941504178273
1,0.6223714953271028,0.42096100278551535,0.1498247663551402,0.10967966573816156
1,0.6819509345794392,0.34331476323119775,0.021320093457943924,0.05222841225626741
1,0.7324766355140186,0.34714484679665736,0.03154205607476635,0.047701949860724235
1,0.7050233644859814,0.1392757660167131,0.38492990654205606,0.23711699164345404
1,0.49883177570093457,0.6671309192200557,0.03066588785046729,0.03447075208913649
1,0.4985397196261682,0.628133704735376,0.03300233644859813,0.04387186629526462
1,0.4669976635514019,0.6633008356545961,0.024824766355140186,0.03586350974930362
1,0.3872663551401869,0.7155292479108635,0.06016355140186916,0.0644150417827298
1,0.31220794392523366,0.7148328690807799,0.0905373831775701,0.07137883008356546
1,0.20151869158878505,0.7141364902506964,0.04147196261682243,0.0644150417827298
1,0.19830607476635514,0.7921309192200557,0.04380841121495327,0.06685236768802229
1,0.15391355140186916,0.7928272980501393,0.04497663551401869,0.06615598885793872
1,0.040011682242990655,0.7085654596100278,0.06542056074766354,0.06337047353760446
1,0.040011682242990655,0.7872562674094707,0.0651285046728972,0.05675487465181058
1,0.04147196261682243,0.8568941504178273,0.06804906542056074,0.08217270194986072
1,0.15858644859813084,0.8558495821727019,0.058119158878504676,0.0644150417827298
1,0.11448598130841121,0.9902506963788301,0.2167056074766355,0.18976323119777158
1,0.3703271028037383,0.9634401114206128,0.2245911214953271,0.23711699164345404
1,0.401285046728972,0.8158077994428969,0.11302570093457943,0.06720055710306407
1,0.4693341121495327,0.83008356545961,0.026577102803738317,0.07242339832869081
1,0.3341121495327103,0.8060584958217271,0.026577102803738317,0.049094707520891366
1,0.446553738317757,0.6967270194986073,0.07038551401869159,0.11768802228412256
2,1.0341705607476634,0.9627437325905293,0.04410046728971963,0.0383008356545961
2,1.03125,0.8158077994428969,0.04468457943925234,0.045612813370473536
2,0.9485981308411215,0.8812674094707521,0.03417056074766355,0.041434540389972144
2,0.8641939252336449,0.8896239554317549,0.0423481308411215,0.0383008356545961
2,0.8665303738317757,1.0121866295264623,0.04293224299065421,0.041434540389972144
2,0.7873831775700935,1.040041782729805,0.03241822429906542,0.034818941504178275
2,0.790303738317757,0.9724930362116991,0.029205607476635514,0.03934540389972145
2,0.7818341121495327,0.9153899721448467,0.038843457943925234,0.04073816155988858
2,0.7847546728971962,0.8520194986072424,0.0344626168224299,0.035515320334261836
2,0.7222546728971962,1.0229805013927578,0.039427570093457945,0.03655988857938719
2,0.700642523364486,0.8802228412256268,0.02511682242990654,0.03516713091922006
2,0.7032710280373832,0.9717966573816156,0.027745327102803738,0.03586350974930362
2,0.6787383177570093,0.9540389972144847,0.036799065420560745,0.03377437325905292
2,0.6372663551401869,0.8655988857938719,0.036799065420560745,0.03516713091922006
2,0.6404789719626168,0.9275766016713092,0.03212616822429906,0.03864902506963788
2,0.6372663551401869,0.9641364902506964,0.036214953271028034,0.031337047353760444
2,0.6360981308411215,1.0020891364902507,0.03241822429906542,0.031337047353760444
2,0.6358060747663551,1.0539693593314763,0.02949766355140187,0.034122562674094706
2,0.6623831775700935,1.0696378830083566,0.030957943925233645,0.031337047353760444
2,0.5817757009345794,1.0410863509749304,0.03329439252336448,0.04213091922005571
2,0.5849883177570093,0.8931058495821727,0.038551401869158876,0.03934540389972145
2,0.517231308411215,0.8603760445682451,0.035046728971962614,0.036211699164345405
2,0.5143107476635514,0.9536908077994429,0.04468457943925234,0.03377437325905292
2,0.517231308411215,1.0393454038997214,0.038259345794392524,0.0383008356545961
2,0.4167640186915888,0.966225626740947,0.03212616822429906,0.04526462395543175
2,0.3133761682242991,0.900766016713092,0.03212616822429906,0.04004178272980501
2,0.4030373831775701,0.817200557103064,0.04322429906542056,0.0383008356545961
2,0.46875,0.8151114206128134,0.041764018691588786,0.033426183844011144
2,0.5110981308411215,0.8057103064066853,0.0370911214953271,0.029944289693593314
2,0.5271612149532711,0.762883008356546,0.04702102803738318,0.032729805013927575
2,0.3046144859813084,0.9930362116991643,0.04731308411214953,0.04735376044568245
2,0.24123831775700935,1.0410863509749304,0.0592873831775701,0.05327298050139276
2,0.17552570093457945,0.9905988857938719,0.04147196261682243,0.049094707520891366
2,0.06629672897196262,0.9878133704735376,0.056074766355140186,0.03899721448467967
2,0.07651869158878505,0.8767409470752089,0.03241822429906542,0.034818941504178275
2,0.115946261682243,0.8795264623955432,0.03300233644859813,0.03864902506963788
2,0.16559579439252337,0.8655988857938719,0.04380841121495327,0.05153203342618384
2,0.15917056074766356,0.7938718662952646,0.03125,0.035515320334261836
2,0.19889018691588786,0.7966573816155988,0.039135514018691586,0.036211699164345405
2,0.20998831775700935,0.7541782729805014,0.03271028037383177,0.03064066852367688
2,0.2012266355140187,0.7137883008356546,0.038843457943925234,0.046309192200557105
2,0.15625,0.7148328690807799,0.04264018691588785,0.04247910863509749
2,0.09491822429906542,0.790041782729805,0.03475467289719626,0.034818941504178275
2,0.12324766355140188,0.7928272980501393,0.018983644859813083,0.03586350974930362
2,0.10134345794392523,0.6901114206128134,0.05957943925233645,0.0383008356545961
2,0.03650700934579439,0.7026462395543176,0.04935747663551402,0.05222841225626741
2,0.06016355140186916,0.7527855153203342,0.036214953271028034,0.026462395543175487
2,0.030957943925233645,0.7573119777158774,0.028037383177570093,0.04247910863509749
2,0.040595794392523366,0.7865598885793872,0.04030373831775701,0.03307799442896936
2,0.036799065420560745,0.8544568245125348,0.038259345794392524,0.03168523676880223
2,0.02394859813084112,0.822075208913649,0.025992990654205607,0.026462395543175487
2,0.19421728971962618,0.6420612813370473,0.02044392523364486,0.05083565459610028
2,0.3072429906542056,0.717966573816156,0.04497663551401869,0.03690807799442897
2,0.38580607476635514,0.7155292479108635,0.03125,0.03655988857938719
2,0.4480140186915888,0.6995125348189415,0.04264018691588785,0.02924791086350975
2,0.4421728971962617,0.6612116991643454,0.026577102803738317,0.034818941504178275
2,0.46875,0.6639972144846796,0.023072429906542055,0.02924791086350975
2,0.428446261682243,0.7009052924791086,0.02570093457943925,0.02576601671309192
2,0.5058411214953271,0.6709610027855153,0.027161214953271028,0.031337047353760444
2,0.5005841121495327,0.628133704735376,0.03241822429906542,0.03064066852367688
2,0.5417640186915887,0.6591225626740947,0.027453271028037383,0.034818941504178275
2,0.34375,0.8008356545961003,0.037967289719626166,0.04387186629526462
2,1.0318341121495327,0.7332869080779945,0.036799065420560745,0.03377437325905292
2,0.8639018691588785,0.7994428969359332,0.0370911214953271,0.030988857938718663
2,0.865070093457944,0.7632311977715878,0.039135514018691586,0.029944289693593314
2,0.8662383177570093,0.6810584958217271,0.0397196261682243,0.0403899721448468
2,0.5657126168224299,0.7043871866295265,0.028621495327102803,0.02924791086350975
2,0.5931658878504673,0.7204038997214485,0.03183411214953271,0.03307799442896936
2,0.6600467289719626,0.7228412256267409,0.0540303738317757,0.03377437325905292
2,0.7429906542056075,0.713091922005571,0.03300233644859813,0.03864902506963788
2,0.6212032710280374,0.6382311977715878,0.035630841121495324,0.04073816155988858
2,0.7143691588785047,0.6176880222841226,0.04322429906542056,0.033426183844011144
2,0.7745327102803738,0.7465181058495822,0.03183411214953271,0.028899721448467967
2,0.768107476635514,0.6431058495821727,0.02161214953271028,0.034818941504178275
2,0.7797897196261683,0.6082869080779945,0.0227803738317757,0.03516713091922006
2,0.6232476635514018,0.5295961002785515,0.03154205607476635,0.034818941504178275
2,0.861857476635514,0.6023676880222841,0.038259345794392524,0.029944289693593314
2,0.8393691588785047,0.5264623955431755,0.03154205607476635,0.03377437325905292
2,0.8390771028037384,0.4233983286908078,0.029789719626168224,0.037604456824512536
2,0.7470794392523364,0.47980501392757663,0.03154205607476635,0.03307799442896936
2,0.6220794392523364,0.4213091922005571,0.03212616822429906,0.033426183844011144
2,0.6051401869158879,0.31302228412256267,0.026577102803738317,0.035515320334261836
2,0.6822429906542056,0.3485376044568245,0.03066588785046729,0.03725626740947075
2,0.6819509345794392,0.2775069637883008,0.02219626168224299,0.031337047353760444
2,0.7114485981308412,0.3071030640668524,0.03417056074766355,0.028899721448467967
2,0.732768691588785,0.34540389972144847,0.02161214953271028,0.035515320334261836
2,0.8162967289719626,0.31302228412256267,0.03066588785046729,0.029596100278551533
2,0.6229556074766355,0.15250696378830084,0.03271028037383177,0.02681058495821727
2,0.7397780373831776,0.19846796657381616,0.03300233644859813,0.03307799442896936
2,0.7978971962616822,0.19568245125348188,0.023072429906542055,0.030988857938718663
2,0.860981308411215,0.23885793871866295,0.027161214953271028,0.029944289693593314
2,0.8285630841121495,0.22701949860724233,0.03650700934579439,0.03064066852367688
2,0.8662383177570093,0.1953342618384401,0.03387850467289719,0.03238161559888579
2,0.7876752336448598,0.11420612813370473,0.030373831775700934,0.03690807799442897
