1,0.1223714953271028,0.173050139275766,0.18399532710280375,0.29352367688022285
1,0.18282710280373832,0.3506267409470752,0.06279205607476636,0.06545961002785515
1,0.17932242990654207,0.435933147632312,0.07359813084112149,0.11559888579387187
1,0.1244158878504673,0.6549442896935933,0.1985981308411215,0.3325208913649025
1,0.28154205607476634,0.3568941504178273,0.0852803738317757,0.08635097493036212
1,0.28417056074766356,0.4387186629526462,0.0879088785046729,0.08252089136490251
1,0.2818341121495327,0.5205431754874652,0.09550233644859812,0.08530640668523677
1,0.28008177570093457,0.6347493036211699,0.08060747663551401,0.08356545961002786
1,0.3566004672897196,0.6344011142061281,0.07914719626168225,0.08426183844011143
1,0.43399532710280375,0.6344011142061281,0.08002336448598131,0.08391364902506963
1,0.2794976635514019,0.7165738161559888,0.08089953271028037,0.0866991643454039
1,0.35689252336448596,0.7172701949860725,0.07827102803738317,0.08704735376044569
1,0.4337032710280374,0.716225626740947,0.07973130841121495,0.08600278551532034
1,0.28008177570093457,0.22040389972144847,0.08089953271028037,0.12778551532033428
1,0.35630841121495327,0.2200557103064067,0.07914719626168225,0.1270891364902507
1,0.4342873831775701,0.24477715877437325,0.08002336448598131,0.07903899721448468
1,0.4337032710280374,0.1692200557103064,0.08002336448598131,0.07729805013927576
1,0.5861565420560748,0.06545961002785515,0.48335280373831774,0.07590529247910864
1,0.5449766355140186,0.16852367688022285,0.08119158878504673,0.07834261838440111
1,0.5449766355140186,0.24582172701949861,0.08148364485981309,0.08008356545961003
1,0.6252920560747663,0.16887186629526463,0.08557242990654206,0.07903899721448468
1,0.6255841121495327,0.24547353760445684,0.084696261682243,0.08043175487465182
1,0.7099883177570093,0.16887186629526463,0.09082943925233646,0.07834261838440111
1,0.7102803738317757,0.24547353760445684,0.09082943925233646,0.08043175487465182
1,0.8005257009345794,0.1692200557103064,0.09462616822429906,0.0766016713091922
1,0.8005257009345794,0.24547353760445684,0.0943341121495327,0.08112813370473537
1,0.554322429906542,0.3530640668523677,0.10075934579439252,0.10132311977715877
1,0.5549065420560748,0.43837047353760444,0.10105140186915888,0.07311977715877438
1,0.5537383177570093,0.5191504178272981,0.10075934579439252,0.09122562674094707
1,0.6851635514018691,0.3711699164345404,0.10163551401869159,0.0706824512534819
1,0.7873831775700935,0.37012534818941506,0.11156542056074767,0.0685933147632312
1,0.7870911214953271,0.5069637883008357,0.11185747663551401,0.06580779944289694
1,0.6057242990654206,0.6577298050139275,0.11302570093457943,0.11838440111420613
1,0.6045560747663551,0.7618384401114207,0.11214953271028037,0.11316155988857939
1,0.6959696261682243,0.7169220055710307,0.07272196261682243,0.11350974930362116
1,0.7815420560747663,0.7183147632311978,0.07885514018691589,0.11281337047353761
1,0.7152453271028038,0.6142061281337048,0.04351635514018692,0.05396935933147632
1,0.7143691588785047,0.6528551532033426,0.04322429906542056,0.027855153203342618
1,0.7137850467289719,0.6521587743732591,0.04322429906542056,0.027855153203342618
1,0.759929906542056,0.6142061281337048,0.04672897196261682,0.05362116991643454
1,0.798481308411215,0.657033426183844,0.03650700934579439,0.06267409470752089
1,0.8595210280373832,0.7263231197771588,0.08761682242990654,0.09749303621169916
1,0.9299065420560748,0.7061281337047354,0.08177570093457943,0.12813370473537605
1,0.9240654205607477,0.600974930362117,0.09141355140186916,0.0846100278551532
1,0.9252336448598131,0.5184540389972145,0.09404205607476636,0.08565459610027855
1,0.8233060747663551,0.5685933147632312,0.037675233644859814,0.06963788300835655
1,0.924357476635514,0.45020891364902504,0.09404205607476636,0.060584958217270196
1,0.9252336448598131,0.38997214484679665,0.09404205607476636,0.0644150417827298
1,0.9199766355140186,0.20647632311977715,0.08440420560747663,0.15529247910863508
1,1.0014602803738317,0.20647632311977715,0.08323598130841121,0.15389972144846797
1,1.0832359813084111,0.16887186629526463,0.084696261682243,0.0786908077994429
1,1.0832359813084111,0.24442896935933148,0.08440420560747663,0.07799442896935933
1,0.6685163551401869,0.5584958217270195,0.06746495327102804,0.04944289693593315
1,1.053446261682243,0.07381615598885793,0.20093457943925233,0.0947075208913649
2,0.14223130841121495,0.7409470752089137,0.0630841121495327,0.1472841225626741
2,0.2012266355140187,0.6688718662952646,0.04585280373831776,0.14623955431754876
2,0.07593457943925233,0.6897632311977716,0.05899532710280374,0.20612813370473537
2,0.12353971962616822,0.653899721448468,0.05023364485981308,0.04247910863509749
2,0.05081775700934579,0.564066852367688,0.04380841121495327,0.036211699164345405
2,0.14164719626168223,0.5637186629526463,0.056074766355140186,0.15181058495821728
2,0.16004672897196262,0.4724930362116992,0.03533878504672897,0.04317548746518106
2,0.15712616822429906,0.42827298050139273,0.03125,0.04352367688022284
2,0.1875,0.43662952646239556,0.04380841121495327,0.042827298050139274
2,0.1758177570093458,0.39763231197771587,0.038259345794392524,0.035515320334261836
2,0.14106308411214954,0.39032033426183843,0.02832943925233645,0.04004178272980501
2,0.2827102803738318,0.3579387186629526,0.04702102803738318,0.04526462395543175
2,0.2797897196261682,0.439066852367688,0.04994158878504673,0.04004178272980501
2,0.3119158878504673,0.4157381615598886,0.03241822429906542,0.04526462395543175
2,0.3098714953271028,0.4571727019498607,0.038551401869158876,0.04073816155988858
2,0.2818341121495327,0.5201949860724234,0.04994158878504673,0.04004178272980501
2,0.2508761682242991,0.49895543175487467,0.03387850467289719,0.04317548746518106
2,0.31220794392523366,0.5013927576601671,0.036214953271028034,0.04178272980501393
2,0.12529205607476634,0.1751392757660167,0.05841121495327103,0.044916434540389974
2,0.27920560747663553,0.225974930362117,0.04439252336448598,0.04874651810584958
2,0.28095794392523366,0.23467966573816157,0.07768691588785047,0.09923398328690808
2,0.3598130841121495,0.22214484679665739,0.0397196261682243,0.0403899721448468
2,0.3595210280373832,0.21970752089136492,0.08294392523364486,0.11385793871866295
2,0.43311915887850466,0.24512534818941503,0.04322429906542056,0.04456824512534819
2,0.40975467289719625,0.26323119777158777,0.0423481308411215,0.044220055710306405
2,0.4357476635514019,0.17026462395543177,0.04205607476635514,0.04004178272980501
2,0.4135514018691589,0.17792479108635098,0.040011682242990655,0.03655988857938719
2,0.42990654205607476,0.06580779944289694,0.04906542056074766,0.04352367688022284
2,0.42260514018691586,0.3802228412256267,0.04877336448598131,0.044916434540389974
2,0.42757009345794394,0.44846796657381616,0.03271028037383177,0.04735376044568245
2,0.28154205607476634,0.6333565459610028,0.04702102803738318,0.03864902506963788
2,0.2570093457943925,0.6566852367688022,0.0344626168224299,0.03690807799442897
2,0.35455607476635514,0.6361420612813371,0.041179906542056076,0.04456824512534819
2,0.3796728971962617,0.645891364902507,0.035046728971962614,0.03934540389972145
2,0.4342873831775701,0.6340529247910863,0.04439252336448598,0.04317548746518106
2,0.41559579439252337,0.6566852367688022,0.0370911214953271,0.0403899721448468
2,0.2803738317757009,0.713091922005571,0.04614485981308411,0.0383008356545961
2,0.25292056074766356,0.7322423398328691,0.036799065420560745,0.04213091922005571
2,0.35689252336448596,0.7158774373259053,0.053154205607476634,0.04735376044568245
2,0.379088785046729,0.6977715877437326,0.030957943925233645,0.03969359331476323
2,0.43457943925233644,0.7151810584958217,0.05110981308411215,0.034818941504178275
2,0.41939252336448596,0.6963788300835655,0.035046728971962614,0.041434540389972144
2,0.5841121495327103,0.0665041782729805,0.06133177570093458,0.04596100278551532
2,0.6542056074766355,0.06580779944289694,0.0514018691588785,0.042827298050139274
2,0.7380257009345794,0.06476323119777158,0.0657126168224299,0.04352367688022284
2,0.545268691588785,0.15981894150417827,0.04088785046728972,0.04700557103064067
2,0.545268691588785,0.18488857938718664,0.0689252336448598,0.04874651810584958
2,0.6279205607476636,0.1573816155988858,0.04380841121495327,0.04247910863509749
2,0.6255841121495327,0.18523676880222842,0.0683411214953271,0.04526462395543175
2,0.7111565420560748,0.15633704735376044,0.04877336448598131,0.036211699164345405
2,0.710572429906542,0.1876740947075209,0.07126168224299065,0.03899721448467967
2,0.7999415887850467,0.16887186629526463,0.04439252336448598,0.04456824512534819
2,0.7692757009345794,0.1775766016713092,0.036214953271028034,0.037604456824512536
2,0.8300233644859814,0.17409470752089137,0.04351635514018692,0.04735376044568245
2,0.7970210280373832,0.24582172701949861,0.03417056074766355,0.04596100278551532
2,0.7964369158878505,0.25104456824512533,0.0794392523364486,0.0403899721448468
2,0.7117406542056075,0.24547353760445684,0.04205607476635514,0.03899721448467967
2,0.7082359813084113,0.24338440111420612,0.0879088785046729,0.04456824512534819
2,0.6223714953271028,0.24477715877437325,0.03300233644859813,0.03864902506963788
2,0.6247079439252337,0.2513927576601671,0.07359813084112149,0.04387186629526462
2,0.5441004672897196,0.2416434540389972,0.05110981308411215,0.034818941504178275
2,0.5330023364485982,0.24547353760445684,0.07476635514018691,0.052924791086350974
2,0.553446261682243,0.32103064066852366,0.03387850467289719,0.04073816155988858
2,0.5566588785046729,0.3568941504178273,0.04147196261682243,0.03725626740947075
2,0.5566588785046729,0.3889275766016713,0.10397196261682243,0.042827298050139274
2,0.552570093457944,0.4373259052924791,0.04264018691588785,0.03655988857938719
2,0.5537383177570093,0.5170612813370473,0.04848130841121495,0.04178272980501393
2,0.5257009345794392,0.5142757660167131,0.03008177570093458,0.04073816155988858
2,0.5803154205607477,0.5135793871866295,0.0397196261682243,0.0403899721448468
2,0.6060163551401869,0.7611420612813371,0.04789719626168224,0.04526462395543175
2,0.5882009345794392,0.7959610027855153,0.037967289719626166,0.03969359331476323
2,0.6083528037383178,0.6956824512534819,0.07710280373831775,0.04317548746518106
2,0.6054322429906542,0.6556406685236769,0.05052570093457944,0.044220055710306405
2,0.6334696261682243,0.625,0.02891355140186916,0.036211699164345405
2,0.679322429906542,0.5981894150417827,0.0481892523364486,0.04108635097493036
2,0.6755257009345794,0.6448467966573816,0.03271028037383177,0.04108635097493036
2,0.6948014018691588,0.7169220055710307,0.02832943925233645,0.037604456824512536
2,0.7207943925233645,0.6608635097493036,0.03241822429906542,0.03969359331476323
2,0.7184579439252337,0.6204735376044568,0.0370911214953271,0.04665738161559889
2,0.7593457943925234,0.6138579387186629,0.04497663551401869,0.03934540389972145
2,0.7990654205607477,0.6476323119777159,0.035630841121495324,0.041434540389972144
2,0.7800817757009346,0.7172701949860725,0.04088785046728972,0.036211699164345405
2,0.9141355140186916,0.7029944289693594,0.04614485981308411,0.037604456824512536
2,0.9132593457943925,0.7486072423398329,0.04410046728971963,0.034818941504178275
2,0.8676985981308412,0.716225626740947,0.04322429906542056,0.04596100278551532
2,0.8364485981308412,0.7343314763231198,0.03066588785046729,0.046309192200557105
2,0.8279789719626168,0.641016713091922,0.029205607476635514,0.04073816155988858
2,0.8574766355140186,0.6267409470752089,0.04614485981308411,0.04108635097493036
2,0.9246495327102804,0.5995821727019499,0.03650700934579439,0.04596100278551532
2,0.919392523364486,0.6215181058495822,0.0905373831775701,0.04352367688022284
2,0.9246495327102804,0.5153203342618384,0.038843457943925234,0.03934540389972145
2,0.8904789719626168,0.5027855153203342,0.02453271028037383,0.05327298050139276
2,0.9185163551401869,0.5421309192200557,0.03125,0.037604456824512536
2,0.9579439252336449,0.5194986072423399,0.02394859813084112,0.08043175487465182
2,0.9208528037383178,0.44986072423398327,0.05286214953271028,0.04700557103064067
2,0.9576518691588785,0.4505571030640669,0.03008177570093458,0.04317548746518106
2,0.9258177570093458,0.39275766016713093,0.04731308411214953,0.0383008356545961
2,0.9477219626168224,0.40564066852367686,0.037383177570093455,0.034818941504178275
2,0.7324766355140186,0.54491643454039,0.028037383177570093,0.03899721448467967
2,0.8227219626168224,0.5571030640668524,0.04760514018691589,0.036211699164345405
2,0.7619742990654206,0.5,0.038551401869158876,0.044220055710306405
2,0.8119158878504673,0.49930362116991645,0.03475467289719626,0.04387186629526462
2,0.7374415887850467,0.43697771587743733,0.04906542056074766,0.0504874651810585
2,0.7602219626168224,0.3753481894150418,0.03154205607476635,0.03725626740947075
2,0.8113317757009346,0.3770891364902507,0.03592289719626168,0.03899721448467967
2,0.9351635514018691,0.2193593314763231,0.05052570093457944,0.037604456824512536
2,0.9009929906542056,0.21413649025069637,0.02570093457943925,0.12012534818941505
2,0.9891939252336449,0.21901114206128133,0.04789719626168224,0.049094707520891366
2,1.0201518691588785,0.21239554317548748,0.04526869158878505,0.12186629526462396
2,1.0820677570093458,0.24059888579387187,0.0455607476635514,0.04596100278551532
2,1.1144859813084111,0.2614902506963788,0.02570093457943925,0.0403899721448468
2,1.0753504672897196,0.19011142061281336,0.04264018691588785,0.04874651810584958
2,1.1048481308411215,0.17688022284122562,0.06045560747663552,0.08426183844011143
2,1.0589953271028036,0.08321727019498608,0.05286214953271028,0.04456824512534819
2,0.6486565420560748,0.36002785515320335,0.027161214953271028,0.04352367688022284
