1,0.08060747663551401,0.19498607242339833,0.16092289719626168,0.310933147632312
1,0.22780373831775702,0.24930362116991645,0.10367990654205607,0.20090529247910863
1,0.04672897196261682,0.567200557103064,0.09287383177570094,0.08182451253481894
1,0.04935747663551402,0.6810584958217271,0.09813084112149532,0.11246518105849582
1,0.19684579439252337,0.6831476323119777,0.17348130841121495,0.11385793871866295
1,0.40011682242990654,0.6834958217270195,0.20882009345794392,0.11350974930362116
1,0.03329439252336448,0.8245125348189415,0.06600467289719626,0.07242339832869081
1,0.10601635514018691,0.8255571030640668,0.08411214953271028,0.07486072423398328
1,0.18574766355140188,0.8269498607242339,0.08031542056074767,0.07590529247910864
1,0.26343457943925236,0.8262534818941504,0.08119158878504673,0.0745125348189415
1,0.3411214953271028,0.8262534818941504,0.0794392523364486,0.07416434540389973
1,0.41880841121495327,0.8262534818941504,0.08089953271028037,0.07381615598885793
1,0.4962032710280374,0.8241643454038997,0.07973130841121495,0.07242339832869081
1,0.5677570093457944,0.8130222841225627,0.08060747663551401,0.10584958217270195
1,0.5677570093457944,0.7287604456824512,0.08060747663551401,0.06963788300835655
1,0.5683411214953271,0.6615598885793872,0.0820677570093458,0.06685236768802229
1,0.6469042056074766,0.7597493036211699,0.07768691588785047,0.11142061281337047
1,0.7333528037383178,0.7607938718662952,0.07739485981308411,0.11211699164345404
1,0.6267523364485982,0.6873259052924791,0.0370911214953271,0.04073816155988858
1,0.6667640186915887,0.6552924791086351,0.04468457943925234,0.05466573816155989
1,0.6647196261682243,0.6932451253481894,0.04088785046728972,0.028899721448467967
1,0.7520443925233645,0.6869777158774373,0.04030373831775701,0.04178272980501393
1,0.7117406542056075,0.6552924791086351,0.04877336448598131,0.05501392757660167
1,0.8335280373831776,0.6810584958217271,0.13054906542056074,0.10584958217270195
1,0.8472546728971962,0.7743732590529248,0.15245327102803738,0.0866991643454039
1,1.0046728971962617,0.7399025069637883,0.1658878504672897,0.14763231197771587
1,0.9138434579439252,0.5334261838440112,0.19450934579439252,0.09122562674094707
1,0.916179906542056,0.4338440111420613,0.18282710280373832,0.05188022284122563
1,0.740070093457944,0.5435236768802229,0.11302570093457943,0.06545961002785515
1,0.740070093457944,0.40459610027855153,0.1133177570093458,0.0685933147632312
1,0.7161214953271028,0.2931754874651811,0.12032710280373832,0.10132311977715877
1,0.789427570093458,0.32137883008356544,0.03387850467289719,0.0483983286908078
1,0.9155957943925234,0.3384401114206128,0.1816588785046729,0.10271587743732591
1,0.9150116822429907,0.1873259052924791,0.18136682242990654,0.09296657381615599
1,0.9579439252336449,0.6455431754874652,0.07009345794392523,0.046309192200557105
1,1.0645443925233644,0.6243036211699164,0.08148364485981309,0.08844011142061281
1,1.0554906542056075,0.5421309192200557,0.06337616822429906,0.07834261838440111
1,1.0554906542056075,0.46518105849582175,0.0657126168224299,0.0745125348189415
1,1.0563668224299065,0.3906685236768802,0.0651285046728972,0.07729805013927576
1,1.0554906542056075,0.31302228412256267,0.06454439252336448,0.08147632311977716
1,1.0560747663551402,0.22562674094707522,0.06220794392523365,0.09714484679665739
1,0.21174065420560748,0.4885097493036212,0.08995327102803738,0.09296657381615599
1,0.3002336448598131,0.4895543175487465,0.06366822429906542,0.16434540389972144
1,0.3887266355140187,0.46552924791086353,0.08119158878504673,0.0988857938718663
1,0.2213785046728972,0.38857938718662954,0.084696261682243,0.0483983286908078
1,0.3633177570093458,0.19498607242339833,0.06016355140186916,0.1006267409470752
1,0.4214369158878505,0.1953342618384401,0.058703271028037386,0.09993036211699165
1,0.3919392523364486,0.2931754874651811,0.11769859813084112,0.09993036211699165
1,0.5271612149532711,0.2938718662952646,0.15625,0.100974930362117
1,0.5274532710280374,0.19428969359331477,0.15683411214953272,0.09784122562674094
1,0.6305490654205608,0.24442896935933148,0.053738317757009345,0.19637883008356546
1,0.6314252336448598,0.5985376044568245,0.04439252336448598,0.05222841225626741
1,0.7158294392523364,0.19463788300835655,0.12149532710280374,0.09749303621169916
1,0.789427570093458,0.1674791086350975,0.03154205607476635,0.044220055710306405
1,0.37295560747663553,0.07729805013927576,0.17085280373831777,0.08913649025069638
1,0.495911214953271,0.07729805013927576,0.07973130841121495,0.08844011142061281
1,0.6124415887850467,0.07729805013927576,0.15654205607476634,0.08739554317548746
1,0.7351051401869159,0.07729805013927576,0.09228971962616822,0.0866991643454039
1,0.8122079439252337,0.07764623955431754,0.06658878504672897,0.08600278551532034
1,0.8901869158878505,0.07834261838440111,0.09199766355140188,0.08530640668523677
1,0.967873831775701,0.07799442896935933,0.06658878504672897,0.08530640668523677
1,1.0300817757009346,0.07799442896935933,0.06191588785046729,0.08565459610027855
1,1.0925817757009346,0.07729805013927576,0.06688084112149532,0.08321727019498608
1,1.0695093457943925,0.15076601671309192,0.11039719626168225,0.059192200557103065
1,0.6086448598130841,0.5229805013927576,0.07914719626168225,0.024721448467966575
2,1.00321261682243,0.7378133704735376,0.0592873831775701,0.05118384401114206
2,0.9550233644859814,0.6479805013927576,0.06103971962616823,0.05536211699164345
2,1.0525700934579438,0.6229108635097493,0.055782710280373834,0.04596100278551532
2,1.0566588785046729,0.5403899721448467,0.054614485981308414,0.03655988857938719
2,1.0560747663551402,0.5936629526462396,0.056074766355140186,0.03238161559888579
2,1.053446261682243,0.5692896935933147,0.05841121495327103,0.03586350974930362
2,0.8449182242990654,0.7736768802228412,0.07184579439252337,0.057799442896935935
2,0.7333528037383178,0.7402506963788301,0.0423481308411215,0.0403899721448468
2,0.6483644859813084,0.7416434540389972,0.04789719626168224,0.044916434540389974
2,0.6685163551401869,0.6545961002785515,0.04380841121495327,0.06580779944289694
2,0.709696261682243,0.6559888579387186,0.053154205607476634,0.05222841225626741
2,0.7026869158878505,0.5891364902506964,0.02453271028037383,0.0483983286908078
2,0.7143691588785047,0.5376044568245125,0.03533878504672897,0.044916434540389974
2,0.7643107476635514,0.5362116991643454,0.037967289719626166,0.04178272980501393
2,0.8332359813084113,0.6793175487465181,0.06337616822429906,0.04178272980501393
2,0.8720794392523364,0.5104456824512534,0.053154205607476634,0.04247910863509749
2,0.928446261682243,0.5104456824512534,0.041179906542056076,0.0383008356545961
2,0.9740070093457944,0.5114902506963789,0.04702102803738318,0.03725626740947075
2,0.9150116822429907,0.5567548746518106,0.17873831775700935,0.03690807799442897
2,1.053446261682243,0.4672701949860724,0.051985981308411214,0.03899721448467967
2,1.0508177570093458,0.4362813370473538,0.051985981308411214,0.03377437325905292
2,1.0499415887850467,0.41225626740947074,0.05169392523364486,0.028551532033426183
2,1.0537383177570094,0.38474930362116994,0.0514018691588785,0.023676880222841225
2,0.9375,0.4321030640668524,0.041764018691588786,0.03725626740947075
2,0.9722546728971962,0.4293175487465181,0.04935747663551402,0.04352367688022284
2,0.8510514018691588,0.4314066852367688,0.04906542056074766,0.04596100278551532
2,0.8904789719626168,0.42896935933147634,0.04643691588785047,0.04108635097493036
2,0.8475467289719626,0.3088440111420613,0.04497663551401869,0.03864902506963788
2,0.8898948598130841,0.3084958217270195,0.04760514018691589,0.044220055710306405
2,0.8472546728971962,0.35097493036211697,0.04848130841121495,0.03690807799442897
2,0.8893107476635514,0.35201949860724235,0.0423481308411215,0.03795264623955432
2,0.9115070093457944,0.36908077994428967,0.06045560747663552,0.0403899721448468
2,0.9757593457943925,0.35201949860724235,0.04672897196261682,0.03934540389972145
2,0.9337032710280374,0.3530640668523677,0.039135514018691586,0.03864902506963788
2,0.9331191588785047,0.30954038997214484,0.038259345794392524,0.04213091922005571
2,0.9751752336448598,0.31058495821727017,0.05110981308411215,0.04526462395543175
2,1.0519859813084111,0.3161559888579387,0.056950934579439255,0.035515320334261836
2,1.0505257009345794,0.2802924791086351,0.052570093457943924,0.030988857938718663
2,1.0516939252336448,0.25696378830083566,0.052570093457943924,0.030292479108635098
2,1.0563668224299065,0.22667130919220055,0.05081775700934579,0.04178272980501393
2,1.042640186915888,0.17026462395543177,0.05344626168224299,0.04735376044568245
2,1.0879088785046729,0.08182451253481894,0.0370911214953271,0.04178272980501393
2,1.110105140186916,0.06093314763231198,0.03212616822429906,0.020891364902506964
2,1.0265771028037383,0.08147632311977716,0.04848130841121495,0.036211699164345405
2,1.0505257009345794,0.06720055710306407,0.03300233644859813,0.033426183844011144
2,0.9693341121495327,0.08217270194986072,0.05227803738317757,0.04108635097493036
2,0.9448014018691588,0.06720055710306407,0.03271028037383177,0.03969359331476323
2,0.9322429906542056,0.16573816155988857,0.04205607476635514,0.03864902506963788
2,0.9772196261682243,0.16678272980501394,0.04585280373831776,0.04073816155988858
2,0.8896028037383178,0.08112813370473537,0.0481892523364486,0.04178272980501393
2,0.8551401869158879,0.0685933147632312,0.053738317757009345,0.041434540389972144
2,0.8122079439252337,0.08112813370473537,0.039135514018691586,0.03690807799442897
2,0.7856308411214953,0.07172701949860724,0.04030373831775701,0.03934540389972145
2,0.705607476635514,0.1932451253481894,0.084696261682243,0.04596100278551532
2,0.7876752336448598,0.24373259052924792,0.054614485981308414,0.04456824512534819
2,0.7161214953271028,0.2889972144846797,0.0651285046728972,0.04213091922005571
2,0.6287967289719626,0.24268802228412256,0.037967289719626166,0.042827298050139274
2,0.7339369158878505,0.07973537604456825,0.04935747663551402,0.03655988857938719
2,0.7009345794392523,0.07103064066852367,0.02161214953271028,0.047701949860724235
2,0.6801985981308412,0.06963788300835655,0.024240654205607476,0.04874651810584958
2,0.6469042056074766,0.08321727019498608,0.04643691588785047,0.04108635097493036
2,0.5753504672897196,0.0807799442896936,0.0423481308411215,0.04108635097493036
2,0.5435163551401869,0.0706824512534819,0.022488317757009345,0.04213091922005571
2,0.5254088785046729,0.07242339832869081,0.026577102803738317,0.04352367688022284
2,0.4953271028037383,0.08043175487465182,0.041764018691588786,0.044220055710306405
2,0.5277453271028038,0.19254874651810586,0.03650700934579439,0.04073816155988858
2,0.6033878504672897,0.3948467966573816,0.03650700934579439,0.04247910863509749
2,0.7140771028037384,0.41051532033426186,0.04526869158878505,0.042827298050139274
2,0.7634345794392523,0.4115598885793872,0.03650700934579439,0.03969359331476323
2,0.6933411214953271,0.47597493036211697,0.054906542056074766,0.03864902506963788
2,0.5592873831775701,0.479108635097493,0.05169392523364486,0.04213091922005571
2,0.46582943925233644,0.2562674094707521,0.02891355140186916,0.044220055710306405
2,0.459696261682243,0.3098885793871866,0.029789719626168224,0.035515320334261836
2,0.5262850467289719,0.2942200557103064,0.05169392523364486,0.047701949860724235
2,0.5671728971962616,0.6646935933147632,0.04731308411214953,0.04596100278551532
2,0.5657126168224299,0.7280640668523677,0.04380841121495327,0.04108635097493036
2,0.5955023364485982,0.7280640668523677,0.01985981308411215,0.04735376044568245
2,0.570677570093458,0.8116295264623955,0.054614485981308414,0.03795264623955432
2,0.5820677570093458,0.8321727019498607,0.026577102803738317,0.0403899721448468
2,0.4929906542056075,0.8227715877437326,0.04439252336448598,0.045612813370473536
2,0.5143107476635514,0.8259052924791086,0.02891355140186916,0.03795264623955432
2,0.39865654205607476,0.8259052924791086,0.03387850467289719,0.041434540389972144
2,0.4231892523364486,0.8255571030640668,0.036214953271028034,0.044916434540389974
2,0.34024532710280375,0.8279944289693594,0.0370911214953271,0.0403899721448468
2,0.36039719626168226,0.8297353760445683,0.02511682242990654,0.04526462395543175
2,0.2669392523364486,0.8224233983286908,0.04380841121495327,0.04004178272980501
2,0.24532710280373832,0.825208913649025,0.02336448598130841,0.04596100278551532
2,0.18837616822429906,0.8259052924791086,0.04760514018691589,0.0403899721448468
2,0.20297897196261683,0.8255571030640668,0.029205607476635514,0.04596100278551532
2,0.09929906542056074,0.8248607242339833,0.06016355140186916,0.04979108635097493
2,0.030373831775700934,0.8245125348189415,0.05987149532710281,0.03969359331476323
2,0.4015771028037383,0.7137883008356546,0.026285046728971962,0.04108635097493036
2,0.4407126168224299,0.7137883008356546,0.026577102803738317,0.049094707520891366
2,0.4816004672897196,0.7137883008356546,0.03271028037383177,0.04456824512534819
2,0.48130841121495327,0.6685236768802229,0.027161214953271028,0.044220055710306405
2,0.43866822429906543,0.6692200557103064,0.026577102803738317,0.04178272980501393
2,0.402161214953271,0.6695682451253482,0.029205607476635514,0.04247910863509749
2,0.35835280373831774,0.6633008356545961,0.03329439252336448,0.05605849582172702
2,0.32067757009345793,0.666782729805014,0.03125,0.05153203342618384
2,0.3209696261682243,0.7144846796657381,0.029789719626168224,0.044220055710306405
2,0.3592289719626168,0.7158774373259053,0.03008177570093458,0.0403899721448468
2,0.24240654205607476,0.6963788300835655,0.04293224299065421,0.04596100278551532
2,0.21320093457943926,0.7155292479108635,0.0344626168224299,0.04108635097493036
2,0.25671728971962615,0.7137883008356546,0.03300233644859813,0.04247910863509749
2,0.2161214953271028,0.6695682451253482,0.02570093457943925,0.04108635097493036
2,0.2555490654205608,0.6702646239554317,0.03329439252336448,0.044220055710306405
2,0.1746495327102804,0.7120473537604457,0.029205607476635514,0.03934540389972145
2,0.1360981308411215,0.6692200557103064,0.02219626168224299,0.044916434540389974
2,0.17289719626168223,0.6685236768802229,0.03241822429906542,0.047701949860724235
2,0.1360981308411215,0.7134401114206128,0.025408878504672897,0.04247910863509749
2,0.07301401869158879,0.7110027855153204,0.024240654205607476,0.04317548746518106
2,0.03387850467289719,0.7120473537604457,0.028621495327102803,0.04213091922005571
2,0.03387850467289719,0.6685236768802229,0.028037383177570093,0.042827298050139274
2,0.07126168224299065,0.6692200557103064,0.02832943925233645,0.03725626740947075
2,0.04614485981308411,0.5692896935933147,0.04848130841121495,0.05013927576601671
2,0.07827102803738317,0.5518802228412256,0.02044392523364486,0.04213091922005571
2,0.1886682242990654,0.5073119777158774,0.03008177570093458,0.03934540389972145
2,0.22809579439252337,0.5083565459610028,0.02511682242990654,0.04004178272980501
2,0.18983644859813084,0.4662256267409471,0.03212616822429906,0.04178272980501393
2,0.2298481308411215,0.4658774373259053,0.03387850467289719,0.0403899721448468
2,0.018983644859813083,0.39798050139275765,0.027161214953271028,0.04178272980501393
2,0.11740654205607477,0.3770891364902507,0.05286214953271028,0.057799442896935935
2,0.2362733644859813,0.3931058495821727,0.05841121495327103,0.05188022284122563
2,0.28942757009345793,0.4314066852367688,0.020151869158878503,0.04317548746518106
2,0.3069509345794392,0.43175487465181056,0.020151869158878503,0.04178272980501393
2,0.2885514018691589,0.47075208913649025,0.018399532710280372,0.0403899721448468
2,0.30636682242990654,0.4714484679665738,0.019275700934579438,0.04213091922005571
2,0.2885514018691589,0.5087047353760445,0.01985981308411215,0.03864902506963788
2,0.3066588785046729,0.5094011142061281,0.01664719626168224,0.03969359331476323
2,0.2891355140186916,0.5490947075208914,0.021320093457943924,0.037604456824512536
2,0.3066588785046729,0.5480501392757661,0.02219626168224299,0.04004178272980501
2,0.06746495327102804,0.201949860724234,0.04702102803738318,0.05153203342618384
2,0.36244158878504673,0.19254874651810586,0.03212616822429906,0.05954038997214485
2,0.3776285046728972,0.0846100278551532,0.04322429906542056,0.044916434540389974
2,0.3595210280373832,0.052924791086350974,0.027453271028037383,0.04387186629526462
2,0.42085280373831774,0.19707520891364902,0.0370911214953271,0.0504874651810585
2,0.4287383177570093,0.25452646239554316,0.0227803738317757,0.04387186629526462
2,0.3907710280373832,0.2541782729805014,0.026577102803738317,0.03969359331476323
2,0.35689252336448596,0.2681058495821727,0.027453271028037383,0.041434540389972144
2,0.3446261682242991,0.3168523676880223,0.02336448598130841,0.0403899721448468
2,0.39485981308411217,0.29596100278551535,0.0540303738317757,0.044916434540389974
2,0.21466121495327103,0.17653203342618384,0.026869158878504672,0.04387186629526462
2,0.2526285046728972,0.1737465181058496,0.027161214953271028,0.04456824512534819
2,0.2508761682242991,0.22040389972144847,0.027745327102803738,0.04073816155988858
2,0.22488317757009346,0.22110027855153203,0.02832943925233645,0.04317548746518106
2,0.1901285046728972,0.2217966573816156,0.02832943925233645,0.047701949860724235
2,0.21582943925233644,0.27263231197771587,0.029205607476635514,0.04526462395543175
2,0.2523364485981308,0.27541782729805014,0.028037383177570093,0.049094707520891366
2,0.25116822429906543,0.318941504178273,0.02511682242990654,0.04247910863509749
2,0.21524532710280375,0.3185933147632312,0.03212616822429906,0.04178272980501393
