1,0.11711448598130841,0.18871866295264625,0.1854556074766355,0.29735376044568246
1,0.27920560747663553,0.17165738161559888,0.1398948598130841,0.10584958217270195
1,0.2739485981308411,0.2823816155988858,0.0873247663551402,0.06824512534818941
1,0.3869742990654206,0.29491643454038996,0.09813084112149532,0.10167130919220056
1,0.2707359813084112,0.41434540389972147,0.1588785046728972,0.13196378830083566
1,0.1054322429906542,0.5557103064066853,0.08644859813084112,0.07555710306406685
1,0.08936915887850468,0.6159470752089137,0.11828271028037383,0.05745125348189415
1,0.07330607476635514,0.6953342618384402,0.08615654205607477,0.10863509749303621
1,0.3419976635514019,0.7896935933147632,0.624123831775701,0.12465181058495822
1,0.5376752336448598,0.6685236768802229,0.15537383177570094,0.11455431754874652
1,0.3755841121495327,0.6688718662952646,0.1626752336448598,0.11559888579387187
1,0.2023948598130841,0.66991643454039,0.17289719626168223,0.11629526462395544
1,0.27044392523364486,0.5428272980501393,0.15975467289719625,0.12674094707520892
1,0.4077102803738318,0.4899025069637883,0.05899532710280374,0.0988857938718663
1,0.4824766355140187,0.4714484679665738,0.0931658878504673,0.12743732590529247
1,0.5587032710280374,0.4881615598885794,0.06191588785046729,0.09575208913649025
1,0.523072429906542,0.2684540389972145,0.15157710280373832,0.16852367688022285
1,0.3869742990654206,0.09435933147632312,0.09024532710280374,0.10863509749303621
1,0.47225467289719625,0.0947075208913649,0.08382009345794393,0.10863509749303621
1,0.5528621495327103,0.0947075208913649,0.07651869158878505,0.10967966573816156
1,0.6290887850467289,0.0947075208913649,0.0768107476635514,0.10967966573816156
1,0.7053154205607477,0.09505571030640668,0.07535046728971963,0.1107242339832869
1,0.7832943925233645,0.09331476323119778,0.08031542056074767,0.10654596100278552
1,0.7137850467289719,0.20229805013927576,0.06804906542056074,0.06371866295264624
1,0.6696845794392523,0.3123259052924791,0.08119158878504673,0.1068941504178273
1,0.740070093457944,0.306058495821727,0.06191588785046729,0.1190807799442897
1,0.8054906542056075,0.3346100278551532,0.07213785046728972,0.06232590529247911
1,0.8051985981308412,0.2743732590529248,0.07213785046728972,0.06580779944289694
1,0.7844626168224299,0.4007660167130919,0.11185747663551401,0.06894150417827298
1,0.736857476635514,0.4676183844011142,0.2175817757009346,0.07172701949860724
1,0.6317172897196262,0.5156685236768802,0.02570093457943925,0.025069637883008356
1,0.677570093457944,0.588091922005571,0.04293224299065421,0.0483983286908078
1,0.6223714953271028,0.6096796657381616,0.05957943925233645,0.04073816155988858
1,0.7304322429906542,0.5891364902506964,0.06600467289719626,0.056406685236768804
1,0.7724883177570093,0.5901810584958217,0.02394859813084112,0.05396935933147632
1,0.7932242990654206,0.5898328690807799,0.02336448598130841,0.05118384401114206
1,0.7123247663551402,0.6465877437325905,0.04614485981308411,0.0584958217270195
1,0.6930490654205608,0.7475626740947076,0.0768107476635514,0.11211699164345404
1,0.7786214953271028,0.7482590529247911,0.07710280373831775,0.11246518105849582
1,0.7584696261682243,0.6448467966573816,0.04731308411214953,0.05257660167130919
1,0.7108644859813084,0.6821030640668524,0.04205607476635514,0.03064066852367688
1,0.8916471962616822,0.7113509749303621,0.15070093457943926,0.1932451253481894
1,0.9173481308411215,0.4738857938718663,0.10952102803738317,0.2357242339832869
1,0.8884345794392523,0.1671309192200557,0.1308411214953271,0.08391364902506963
1,0.9985397196261683,0.14206128133704735,0.08995327102803738,0.19498607242339833
1,0.7841705607476636,0.5362116991643454,0.11127336448598131,0.06511142061281337
1,1.0078855140186915,0.2956128133704735,0.2415303738317757,0.12291086350974931
1,1.0852803738317758,0.12465181058495822,0.09082943925233646,0.15389972144846797
1,0.13317757009345793,0.4032033426183844,0.029205607476635514,0.06963788300835655
2,0.07505841121495327,0.786908077994429,0.04351635514018692,0.03899721448467967
2,0.15625,0.7862116991643454,0.04322429906542056,0.03899721448467967
2,0.2336448598130841,0.7858635097493036,0.04088785046728972,0.04073816155988858
2,0.08966121495327103,0.6869777158774373,0.0455607476635514,0.03795264623955432
2,0.13960280373831777,0.6949860724233984,0.041179906542056076,0.05222841225626741
2,0.17932242990654207,0.689066852367688,0.039427570093457945,0.04213091922005571
2,0.308411214953271,0.7865598885793872,0.04526869158878505,0.037604456824512536
2,0.08966121495327103,0.6114206128133705,0.03125,0.044220055710306405
2,0.10630841121495327,0.557799442896936,0.02832943925233645,0.037604456824512536
2,0.13113317757009346,0.4157381615598886,0.027745327102803738,0.041434540389972144
2,0.2742406542056075,0.46030640668523676,0.04585280373831776,0.04213091922005571
2,0.27511682242990654,0.5034818941504178,0.04672897196261682,0.0383008356545961
2,0.12120327102803738,0.1977715877437326,0.054906542056074766,0.0383008356545961
2,0.27132009345794394,0.2837743732590529,0.055782710280373834,0.0403899721448468
2,0.2336448598130841,0.17618384401114207,0.04380841121495327,0.04596100278551532
2,0.3101635514018692,0.1758356545961003,0.04264018691588785,0.0403899721448468
2,0.38901869158878505,0.12186629526462396,0.04439252336448598,0.036211699164345405
2,0.4742990654205608,0.12291086350974931,0.04205607476635514,0.04108635097493036
2,0.4100467289719626,0.32590529247910865,0.04380841121495327,0.04213091922005571
2,0.5257009345794392,0.3307799442896936,0.041764018691588786,0.04108635097493036
2,0.44567757009345793,0.3993732590529248,0.04789719626168224,0.04247910863509749
2,0.5335864485981309,0.40633704735376047,0.04731308411214953,0.04178272980501393
2,0.5522780373831776,0.1208217270194986,0.04643691588785047,0.03934540389972145
2,0.6287967289719626,0.12291086350974931,0.04585280373831776,0.04108635097493036
2,0.553446261682243,0.4860724233983287,0.05344626168224299,0.04387186629526462
2,0.4830607476635514,0.46901114206128136,0.04964953271028037,0.05013927576601671
2,0.411214953271028,0.487116991643454,0.04585280373831776,0.03969359331476323
2,0.5791471962616822,0.5567548746518106,0.051985981308411214,0.04073816155988858
2,0.4944509345794392,0.616991643454039,0.04789719626168224,0.03899721448467967
2,0.3782126168224299,0.6316155988857939,0.04672897196261682,0.0383008356545961
2,0.38522196261682246,0.7862116991643454,0.04497663551401869,0.0403899721448468
2,0.4617406542056075,0.7865598885793872,0.04322429906542056,0.03690807799442897
2,0.5373831775700935,0.7865598885793872,0.0423481308411215,0.03586350974930362
2,0.6147780373831776,0.7865598885793872,0.0423481308411215,0.03690807799442897
2,0.7053154205607477,0.12291086350974931,0.04410046728971963,0.037604456824512536
2,0.7838785046728972,0.1208217270194986,0.04526869158878505,0.03586350974930362
2,0.8875584112149533,0.16051532033426183,0.05110981308411215,0.04317548746518106
2,0.670268691588785,0.278899721448468,0.04760514018691589,0.04317548746518106
2,0.7450350467289719,0.2667130919220056,0.0455607476635514,0.04456824512534819
2,0.8037383177570093,0.2743732590529248,0.02570093457943925,0.04352367688022284
2,0.8624415887850467,0.2761142061281337,0.05227803738317757,0.044220055710306405
2,0.8046144859813084,0.3342618384401114,0.04702102803738318,0.03864902506963788
2,0.759053738317757,0.40598885793871864,0.03475467289719626,0.03864902506963788
2,0.8098714953271028,0.40564066852367686,0.0344626168224299,0.037604456824512536
2,0.6448598130841121,0.39136490250696376,0.023656542056074766,0.03795264623955432
2,0.7140771028037384,0.32486072423398327,0.04877336448598131,0.08252089136490251
2,0.735981308411215,0.467966573816156,0.056950934579439255,0.04247910863509749
2,0.7584696261682243,0.528899721448468,0.037383177570093455,0.03864902506963788
2,0.8095794392523364,0.5292479108635098,0.03358644859813084,0.03934540389972145
2,0.7292640186915887,0.5811281337047354,0.023072429906542055,0.0403899721448468
2,0.7134929906542056,0.6444986072423399,0.035630841121495324,0.03795264623955432
2,0.7561331775700935,0.6427576601671309,0.04088785046728972,0.03795264623955432
2,0.7923481308411215,0.6270891364902507,0.04293224299065421,0.037604456824512536
2,0.6942172897196262,0.7301532033426184,0.04672897196261682,0.037604456824512536
2,0.7774532710280374,0.7294568245125348,0.03533878504672897,0.04073816155988858
2,0.8904789719626168,0.7103064066852368,0.0540303738317757,0.03725626740947075
2,0.6433995327102804,0.8025766016713092,0.026285046728971962,0.0807799442896936
2,0.576518691588785,0.8004874651810585,0.04380841121495327,0.08112813370473537
2,0.4991238317757009,0.7830779944289693,0.036214953271028034,0.041434540389972144
2,0.49007009345794394,0.8262534818941504,0.024240654205607476,0.04352367688022284
2,0.42348130841121495,0.8060584958217271,0.038551401869158876,0.0866991643454039
2,0.34667056074766356,0.7834261838440112,0.03475467289719626,0.03969359331476323
2,0.3364485981308411,0.8231197771587744,0.03300233644859813,0.034818941504178275
2,0.2707359813084112,0.802924791086351,0.04205607476635514,0.07938718662952646
2,0.19363317757009346,0.783774373259053,0.04147196261682243,0.04178272980501393
2,0.1848714953271028,0.8234679665738162,0.024824766355140186,0.04004178272980501
2,0.11740654205607477,0.8018802228412256,0.04088785046728972,0.08321727019498608
2,0.04030373831775701,0.8018802228412256,0.028037383177570093,0.08286908077994429
2,0.06483644859813084,0.7190111420612814,0.06483644859813084,0.04526462395543175
2,0.06396028037383178,0.6521587743732591,0.06483644859813084,0.04317548746518106
2,0.23014018691588786,0.6674791086350975,0.10893691588785047,0.10236768802228412
2,0.3741238317757009,0.666782729805014,0.16004672897196262,0.10410863509749303
2,0.5376752336448598,0.6681754874651811,0.15391355140186916,0.10410863509749303
2,0.3820093457943925,0.2928272980501393,0.08352803738317757,0.0947075208913649
2,0.2707359813084112,0.16573816155988857,0.04702102803738318,0.08043175487465182
2,0.3358644859813084,0.16643454038997216,0.03329439252336448,0.08286908077994429
2,0.3574766355140187,0.10132311977715877,0.03212616822429906,0.03655988857938719
2,0.42990654205607476,0.09157381615598886,0.04643691588785047,0.07903899721448468
2,0.3907710280373832,0.18976323119777158,0.06921728971962617,0.05188022284122563
2,0.5134345794392523,0.11525069637883008,0.04205607476635514,0.04526462395543175
2,0.5233644859813084,0.0706824512534819,0.027161214953271028,0.03864902506963788
2,0.5911214953271028,0.11176880222841226,0.04351635514018692,0.04456824512534819
2,0.5896612149532711,0.06963788300835655,0.04380841121495327,0.03934540389972145
2,0.6670560747663551,0.11142061281337047,0.04264018691588785,0.04352367688022284
2,0.6746495327102804,0.06928969359331476,0.03125,0.04108635097493036
2,0.5227803738317757,0.2566155988857939,0.1550817757009346,0.1149025069637883
2,0.6401869158878505,0.32381615598885793,0.03475467289719626,0.08739554317548746
2,0.697429906542056,0.3245125348189415,0.026285046728971962,0.08112813370473537
2,0.7120327102803738,0.20090529247910863,0.07009345794392523,0.06128133704735376
2,0.7316004672897196,0.0905292479108635,0.023656542056074766,0.08217270194986072
2,0.7540887850467289,0.09018105849582173,0.027161214953271028,0.08252089136490251
2,1.0213200934579438,0.08983286908077995,0.05227803738317757,0.042827298050139274
2,0.9734228971962616,0.12778551532033428,0.054322429906542055,0.042827298050139274
2,1.0005841121495327,0.16399721448467966,0.058119158878504676,0.04213091922005571
2,1.1001752336448598,0.12639275766016714,0.057535046728971966,0.04352367688022284
2,1.078855140186916,0.21866295264623956,0.040011682242990655,0.045612813370473536
2,1.004964953271028,0.2970055710306407,0.04935747663551402,0.04387186629526462
2,0.9091705607476636,0.4763231197771588,0.04964953271028037,0.04805013927576602
