1,0.10601635514018691,0.21518105849582173,0.18808411214953272,0.30675487465181056
1,0.09579439252336448,0.5853064066852368,0.08557242990654206,0.07242339832869081
1,0.06688084112149532,0.7249303621169917,0.1022196261682243,0.10132311977715877
1,0.035046728971962614,0.6396239554317549,0.0397196261682243,0.06720055710306407
1,0.1022196261682243,0.8335654596100278,0.16880841121495327,0.10271587743732591
1,0.23393691588785046,0.8339136490250696,0.1001752336448598,0.10341225626740948
1,0.4693341121495327,0.8339136490250696,0.37616822429906543,0.10027855153203342
1,0.3630257009345794,0.6963788300835655,0.463785046728972,0.1368384401114206
1,0.2643107476635514,0.5658077994428969,0.200642523364486,0.12325905292479108
1,0.26489485981308414,0.4397632311977716,0.19976635514018692,0.12674094707520892
1,0.40625,0.5156685236768802,0.058703271028037386,0.09749303621169916
1,0.4816004672897196,0.49895543175487467,0.09667056074766354,0.133008356545961
1,0.5575350467289719,0.516016713091922,0.05841121495327103,0.09958217270194986
1,0.39544392523364486,0.3408774373259053,0.06688084112149532,0.07137883008356546
1,0.46524532710280375,0.29526462395543174,0.07710280373831775,0.08600278551532034
1,0.5642523364485982,0.29526462395543174,0.08849299065420561,0.09958217270194986
1,0.30169392523364486,0.2761142061281337,0.1758177570093458,0.15006963788300837
1,0.2689836448598131,0.19011142061281336,0.14573598130841123,0.09644846796657382
1,0.4191004672897196,0.11803621169916434,0.1582943925233645,0.11350974930362116
1,0.5791471962616822,0.11803621169916434,0.16179906542056074,0.11350974930362116
1,0.7429906542056075,0.11768802228412256,0.16559579439252337,0.11385793871866295
1,0.7003504672897196,0.26740947075208915,0.1626752336448598,0.08112813370473537
1,0.7698598130841121,0.3387883008356546,0.0879088785046729,0.07486072423398328
1,0.7888434579439252,0.42235376044568246,0.11273364485981309,0.0665041782729805
1,0.7891355140186916,0.5626740947075209,0.11419392523364486,0.06754874651810584
1,0.7161214953271028,0.6740947075208914,0.04380841121495327,0.05466573816155989
1,0.695677570093458,0.7806406685236769,0.07622663551401869,0.11281337047353761
1,0.7818341121495327,0.7799442896935933,0.07622663551401869,0.11281337047353761
1,0.8630257009345794,0.7071727019498607,0.09141355140186916,0.09435933147632312
1,0.865070093457944,0.79491643454039,0.08878504672897196,0.0866991643454039
1,0.9745911214953271,0.7399025069637883,0.1244158878504673,0.149025069637883
1,1.0934579439252337,0.7486072423398329,0.0873247663551402,0.17827298050139276
1,0.8785046728971962,0.5818245125348189,0.071553738317757,0.08008356545961003
1,0.8805490654205608,0.42235376044568246,0.0709696261682243,0.06894150417827298
1,0.8662383177570093,0.31337047353760444,0.08148364485981309,0.1472841225626741
1,0.8878504672897196,0.1834958217270195,0.15566588785046728,0.09227019498607242
1,1.012266355140187,0.11594707520891365,0.10601635514018691,0.12151810584958217
1,1.1004672897196262,0.11525069637883008,0.07476635514018691,0.12256267409470752
1,1.0917056074766356,0.22458217270194986,0.09228971962616822,0.09296657381615599
1,1.0931658878504673,0.46518105849582175,0.08936915887850468,0.3871866295264624
1,0.9883177570093458,0.5856545961002786,0.09667056074766354,0.0807799442896936
1,0.9874415887850467,0.5034818941504178,0.09842289719626168,0.08356545961002786
1,0.9661214953271028,0.5766016713091922,0.04468457943925234,0.06128133704735376
1,1.0108060747663552,0.5759052924791086,0.04877336448598131,0.06093314763231198
1,0.9652453271028038,0.4334958217270195,0.0455607476635514,0.06232590529247911
1,1.0108060747663552,0.43245125348189417,0.04877336448598131,0.06162952646239554
1,0.9798481308411215,0.3008356545961003,0.12266355140186916,0.12221448467966574
2,0.06454439252336448,0.8276462395543176,0.052570093457943924,0.05954038997214485
2,0.14894859813084113,0.8231197771587744,0.04497663551401869,0.044220055710306405
2,0.22575934579439252,0.8297353760445683,0.04439252336448598,0.05013927576601671
2,0.3040303738317757,0.8266016713091922,0.04672897196261682,0.04596100278551532
2,0.053738317757009345,0.7566155988857939,0.04731308411214953,0.03899721448467967
2,0.06279205607476636,0.6671309192200557,0.04702102803738318,0.03690807799442897
2,0.03650700934579439,0.6337047353760445,0.02570093457943925,0.04178272980501393
2,0.09521028037383178,0.5856545961002786,0.03650700934579439,0.04317548746518106
2,0.1679322429906542,0.6525069637883009,0.05169392523364486,0.04526462395543175
2,0.18779205607476634,0.5612813370473537,0.04906542056074766,0.04944289693593315
2,0.17494158878504673,0.42792479108635095,0.04702102803738318,0.04317548746518106
2,0.12061915887850468,0.4387186629526462,0.02949766355140187,0.04247910863509749
2,0.10922897196261683,0.21274373259052926,0.056950934579439255,0.04596100278551532
2,0.22167056074766356,0.16260445682451252,0.0455607476635514,0.04178272980501393
2,0.276285046728972,0.3241643454038997,0.05052570093457944,0.04456824512534819
2,0.37938084112149534,0.825208913649025,0.0455607476635514,0.04317548746518106
2,0.4582359813084112,0.8266016713091922,0.04585280373831776,0.04317548746518106
2,0.5362149532710281,0.825208913649025,0.04147196261682243,0.04108635097493036
2,0.6147780373831776,0.8255571030640668,0.04322429906542056,0.04213091922005571
2,0.3872663551401869,0.6479805013927576,0.04994158878504673,0.04352367688022284
2,0.5163551401869159,0.6521587743732591,0.05110981308411215,0.04317548746518106
2,0.4077102803738318,0.5114902506963789,0.04848130841121495,0.045612813370473536
2,0.4830607476635514,0.49930362116991645,0.04614485981308411,0.05188022284122563
2,0.5540303738317757,0.5090529247910863,0.0481892523364486,0.0383008356545961
2,0.5356308411214953,0.431058495821727,0.04789719626168224,0.0403899721448468
2,0.4448014018691589,0.4258356545961003,0.035046728971962614,0.04178272980501393
2,0.46115654205607476,0.2966573816155989,0.04789719626168224,0.04387186629526462
2,0.5625,0.3025766016713092,0.03592289719626168,0.04073816155988858
2,0.3820093457943925,0.11664345403899722,0.04468457943925234,0.03899721448467967
2,0.46115654205607476,0.11629526462395544,0.04439252336448598,0.04108635097493036
2,0.5400116822429907,0.1149025069637883,0.0455607476635514,0.0403899721448468
2,0.6203271028037384,0.11420612813370473,0.04906542056074766,0.03969359331476323
2,0.7126168224299065,0.1149025069637883,0.04702102803738318,0.037604456824512536
2,0.5823598130841121,0.19115598885793872,0.05227803738317757,0.042827298050139274
2,0.7216705607476636,0.24651810584958217,0.056366822429906545,0.03864902506963788
2,0.7806658878504673,0.3467966573816156,0.04672897196261682,0.044220055710306405
2,0.7654789719626168,0.42862116991643456,0.038259345794392524,0.0403899721448468
2,0.6489485981308412,0.41225626740947074,0.026869158878504672,0.04178272980501393
2,0.6051401869158879,0.4853760445682451,0.04848130841121495,0.04004178272980501
2,0.7353971962616822,0.4885097493036212,0.04994158878504673,0.04178272980501393
2,0.763142523364486,0.5560584958217271,0.037383177570093455,0.04178272980501393
2,0.7511682242990654,0.6072423398328691,0.03300233644859813,0.04108635097493036
2,0.7155373831775701,0.6744428969359332,0.039135514018691586,0.042827298050139274
2,0.7625584112149533,0.6733983286908078,0.04088785046728972,0.04352367688022284
2,0.6959696261682243,0.7614902506963789,0.029205607476635514,0.04700557103064067
2,0.7832943925233645,0.7618384401114207,0.03417056074766355,0.04526462395543175
2,0.852803738317757,0.7771587743732591,0.04614485981308411,0.04108635097493036
2,0.8630257009345794,0.7085654596100278,0.04702102803738318,0.05013927576601671
2,0.9363317757009346,0.7357242339832869,0.04585280373831776,0.046309192200557105
2,0.8148364485981309,0.5560584958217271,0.03650700934579439,0.042827298050139274
2,0.8787967289719626,0.5793871866295265,0.04906542056074766,0.03969359331476323
2,0.8802570093457944,0.491991643454039,0.054322429906542055,0.04317548746518106
2,0.8113317757009346,0.4296657381615599,0.036799065420560745,0.04247910863509749
2,0.8793808411214953,0.4216573816155989,0.04468457943925234,0.041434540389972144
2,0.9652453271028038,0.58008356545961,0.04088785046728972,0.049094707520891366
2,1.0087616822429906,0.5776462395543176,0.04293224299065421,0.04213091922005571
2,0.9886098130841121,0.5062674094707521,0.04439252336448598,0.0403899721448468
2,0.9643691588785047,0.43419220055710306,0.04526869158878505,0.04317548746518106
2,1.0102219626168225,0.4338440111420613,0.04468457943925234,0.0403899721448468
2,0.8606892523364486,0.26357938718662954,0.04877336448598131,0.0403899721448468
2,0.865070093457944,0.1915041782729805,0.04322429906542056,0.0383008356545961
2,0.9377920560747663,0.19115598885793872,0.041764018691588786,0.042827298050139274
2,1.0058411214953271,0.25974930362116994,0.04935747663551402,0.042827298050139274
2,1.0151869158878504,0.13579387186629527,0.04468457943925234,0.045612813370473536
2,1.1168224299065421,0.1371866295264624,0.04205607476635514,0.03969359331476323
2,1.0940420560747663,0.2520891364902507,0.04585280373831776,0.044220055710306405
2,1.0826518691588785,0.37848189415041783,0.04935747663551402,0.041434540389972144
2,1.0832359813084111,0.5069637883008357,0.0514018691588785,0.04247910863509749
2,1.082359813084112,0.6337047353760445,0.0481892523364486,0.041434540389972144
2,1.0832359813084111,0.7618384401114207,0.04760514018691589,0.04665738161559889
2,0.7967289719626168,0.11420612813370473,0.0423481308411215,0.0403899721448468
