1,0.10367990654205607,0.054317548746518104,0.1895443925233645,0.08774373259052924
1,0.06103971962616823,0.13788300835654596,0.10163551401869159,0.08391364902506963
1,0.18136682242990654,0.13440111420612813,0.08411214953271028,0.07590529247910864
1,0.26080607476635514,0.13370473537604458,0.07739485981308411,0.07694986072423399
1,0.259053738317757,0.059192200557103065,0.13259345794392524,0.07799442896935933
1,0.055198598130841124,0.2461699164345404,0.11010514018691589,0.1392757660167131
1,0.13171728971962618,0.3293871866295265,0.03125,0.026462395543175487
1,0.09082943925233646,0.5383008356545961,0.08235981308411215,0.09540389972144847
1,0.0905373831775701,0.6236072423398329,0.08177570093457943,0.08008356545961003
1,0.09082943925233646,0.7016016713091922,0.08177570093457943,0.08217270194986072
1,0.12061915887850468,0.775766016713092,0.14281542056074767,0.06928969359331476
1,0.2605140186915888,0.7754178272980501,0.1393107476635514,0.06894150417827298
1,0.19567757009345793,0.6814066852367688,0.08294392523364486,0.06685236768802229
1,0.19626168224299065,0.6155988857938719,0.08294392523364486,0.06511142061281337
1,0.276285046728972,0.6155988857938719,0.08235981308411215,0.06545961002785515
1,0.2765771028037383,0.6810584958217271,0.08235981308411215,0.06720055710306407
1,0.3560163551401869,0.6810584958217271,0.08323598130841121,0.0665041782729805
1,0.4389602803738318,0.6814066852367688,0.08177570093457943,0.06685236768802229
1,0.35776869158878505,0.6152506963788301,0.08323598130841121,0.0644150417827298
1,0.4389602803738318,0.6155988857938719,0.08352803738317757,0.06337047353760446
1,0.5201518691588785,0.6166434540389972,0.084696261682243,0.06685236768802229
1,0.5201518691588785,0.6810584958217271,0.08265186915887851,0.06685236768802229
1,0.5730140186915887,0.6027158774373259,0.027161214953271028,0.03934540389972145
1,0.5738901869158879,0.6949860724233984,0.02949766355140187,0.03899721448467967
1,0.5557827102803738,0.7778551532033426,0.15537383177570094,0.07590529247910864
1,0.4036214953271028,0.7761142061281338,0.15274532710280375,0.07103064066852367
1,0.18341121495327103,0.395891364902507,0.07535046728971963,0.04874651810584958
1,0.2546728971962617,0.39658774373259054,0.06717289719626168,0.049094707520891366
1,0.32710280373831774,0.39623955431754876,0.07914719626168225,0.04805013927576602
1,0.18311915887850466,0.4453342618384401,0.07593457943925233,0.05118384401114206
1,0.254088785046729,0.4456824512534819,0.06688084112149532,0.05118384401114206
1,0.32739485981308414,0.44428969359331477,0.07914719626168225,0.0483983286908078
1,0.18311915887850466,0.525766016713092,0.07564252336448599,0.07172701949860724
1,0.25438084112149534,0.525766016713092,0.06688084112149532,0.07207520891364902
1,0.32593457943925236,0.5254178272980501,0.07651869158878505,0.07277158774373259
1,0.4088785046728972,0.5201949860724234,0.04351635514018692,0.05396935933147632
1,0.4634929906542056,0.5285515320334262,0.06542056074766354,0.0706824512534819
1,0.5344626168224299,0.5282033426183844,0.07651869158878505,0.07207520891364902
1,0.5347546728971962,0.4536908077994429,0.07535046728971963,0.04596100278551532
1,0.4862733644859813,0.4561281337047354,0.021904205607476634,0.05362116991643454
1,0.48014018691588783,0.40459610027855153,0.03241822429906542,0.05013927576601671
1,0.5344626168224299,0.40424791086350975,0.07535046728971963,0.05188022284122563
1,0.19217289719626168,0.23990250696378831,0.09024532710280374,0.08112813370473537
1,0.19188084112149534,0.3151114206128134,0.09024532710280374,0.0745125348189415
1,0.27686915887850466,0.2395543175487465,0.08323598130841121,0.08112813370473537
1,0.276285046728972,0.31580779944289694,0.08352803738317757,0.07520891364902507
1,0.35835280373831774,0.2402506963788301,0.08294392523364486,0.07973537604456825
1,0.3574766355140187,0.3165041782729805,0.08382009345794393,0.0766016713091922
1,0.442464953271028,0.3165041782729805,0.08936915887850468,0.07694986072423399
1,0.4421728971962617,0.24059888579387187,0.08936915887850468,0.08008356545961003
1,0.523072429906542,0.27785515320334264,0.07622663551401869,0.1535515320334262
1,0.5738901869158879,0.22632311977715877,0.027453271028037383,0.04526462395543175
1,0.5747663551401869,0.3328690807799443,0.03154205607476635,0.04456824512534819
1,0.4383761682242991,0.09331476323119778,0.0931658878504673,0.16434540389972144
1,0.3516355140186916,0.09401114206128133,0.11740654205607477,0.16608635097493035
1,0.6764018691588785,0.13579387186629527,0.0741822429906542,0.14658774373259054
1,0.7494158878504673,0.13614206128133705,0.07710280373831775,0.149025069637883
1,0.8247663551401869,0.1354456824512535,0.07768691588785047,0.14867688022284123
1,0.9001168224299065,0.13509749303621169,0.0768107476635514,0.14867688022284123
1,0.9760514018691588,0.1354456824512535,0.07564252336448599,0.1472841225626741
1,0.9357476635514018,0.2719359331476323,0.15800233644859812,0.08426183844011143
1,0.6203271028037384,0.2865598885793872,0.04030373831775701,0.09610027855153204
1,0.6688084112149533,0.2865598885793872,0.06016355140186916,0.09644846796657382
1,0.7272196261682243,0.28725626740947074,0.05957943925233645,0.09540389972144847
1,0.7856308411214953,0.28690807799442897,0.06045560747663552,0.09505571030640668
1,0.6588785046728972,0.3673398328690808,0.0995911214953271,0.06615598885793872
1,0.7602219626168224,0.36768802228412256,0.11039719626168225,0.06545961002785515
1,0.6337616822429907,0.4832869080779944,0.07505841121495327,0.02437325905292479
1,0.6550817757009346,0.5550139275766016,0.04088785046728972,0.04735376044568245
1,0.7459112149532711,0.5550139275766016,0.1413551401869159,0.04700557103064067
1,0.7120327102803738,0.6107242339832869,0.08966121495327103,0.05257660167130919
1,0.6869158878504673,0.6479805013927576,0.040011682242990655,0.027506963788300837
1,0.7532126168224299,0.713091922005571,0.07272196261682243,0.10654596100278552
1,0.669392523364486,0.7123955431754875,0.07447429906542057,0.10793871866295264
1,0.8674065420560748,0.6751392757660167,0.15478971962616822,0.18384401114206128
1,0.759929906542056,0.5038300835654597,0.10981308411214953,0.06406685236768803
1,0.8466705607476636,0.5146239554317549,0.06396028037383178,0.0866991643454039
1,0.9123831775700935,0.5156685236768802,0.06717289719626168,0.0866991643454039
1,1.0332943925233644,0.5637186629526463,0.12470794392523364,0.18245125348189414
1,1.0332943925233644,0.7116991643454039,0.12470794392523364,0.11385793871866295
1,1.0537383177570094,0.1876740947075209,0.08411214953271028,0.25104456824512533
2,1.0318341121495327,0.7068245125348189,0.053154205607476634,0.044220055710306405
2,1.0373831775700935,0.5647632311977716,0.06600467289719626,0.05745125348189415
2,0.9594042056074766,0.6183844011142061,0.05169392523364486,0.04317548746518106
2,0.8665303738317757,0.677924791086351,0.06366822429906542,0.0483983286908078
2,0.9120911214953271,0.5156685236768802,0.053154205607476634,0.042827298050139274
2,0.8460864485981309,0.5153203342618384,0.053738317757009345,0.04213091922005571
2,0.7546728971962616,0.6942896935933147,0.03387850467289719,0.0483983286908078
2,0.6699766355140186,0.6956824512534819,0.027745327102803738,0.04073816155988858
2,0.7339369158878505,0.6082869080779945,0.041764018691588786,0.04387186629526462
2,0.6875,0.6124651810584958,0.04585280373831776,0.0383008356545961
2,0.7240070093457944,0.5428272980501393,0.04935747663551402,0.0383008356545961
2,0.7841705607476636,0.49686629526462395,0.037967289719626166,0.04004178272980501
2,0.7348130841121495,0.49547353760445684,0.03533878504672897,0.04526462395543175
2,0.7132009345794392,0.4348885793871866,0.055782710280373834,0.04073816155988858
2,0.7351051401869159,0.37395543175487467,0.0344626168224299,0.0383008356545961
2,0.7847546728971962,0.375,0.035630841121495324,0.0383008356545961
2,0.9544392523364486,0.3722144846796657,0.05227803738317757,0.042827298050139274
2,1.06571261682243,0.2764623955431755,0.05344626168224299,0.03969359331476323
2,1.0531542056074767,0.19080779944289694,0.051985981308411214,0.042827298050139274
2,0.986857476635514,0.2747214484679666,0.0514018691588785,0.037604456824512536
2,0.9088785046728972,0.2747214484679666,0.09287383177570094,0.04178272980501393
2,0.8341121495327103,0.23050139275766016,0.05023364485981308,0.0383008356545961
2,0.9614485981308412,0.1873259052924791,0.05227803738317757,0.03795264623955432
2,0.9699182242990654,0.1354456824512535,0.06542056074766354,0.04004178272980501
2,0.9614485981308412,0.09366295264623956,0.04877336448598131,0.03690807799442897
2,0.9015771028037384,0.13579387186629527,0.053738317757009345,0.03899721448467967
2,0.9164719626168224,0.07729805013927576,0.04439252336448598,0.03864902506963788
2,0.8452102803738317,0.07799442896935933,0.0514018691588785,0.03586350974930362
2,0.8262266355140186,0.13649025069637882,0.0514018691588785,0.04178272980501393
2,0.75,0.13753481894150418,0.05227803738317757,0.03969359331476323
2,0.75,0.09818941504178273,0.054906542056074766,0.03795264623955432
2,0.7879672897196262,0.29596100278551535,0.056366822429906545,0.05013927576601671
2,0.6764018691588785,0.0988857938718663,0.05782710280373832,0.03899721448467967
2,0.6772780373831776,0.13857938718662952,0.054322429906542055,0.037604456824512536
2,0.726927570093458,0.30292479108635095,0.04731308411214953,0.06337047353760446
2,0.6711448598130841,0.2983983286908078,0.056074766355140186,0.05536211699164345
2,0.6238317757009346,0.2883008356545961,0.0423481308411215,0.04352367688022284
2,0.5478971962616822,0.2318941504178273,0.04994158878504673,0.03690807799442897
2,0.5192757009345794,0.27959610027855153,0.0455607476635514,0.037604456824512536
2,0.5589953271028038,0.2841225626740947,0.0657126168224299,0.044916434540389974
2,0.548481308411215,0.3283426183844011,0.052570093457943924,0.034818941504178275
2,0.6223714953271028,0.3579387186629526,0.026285046728971962,0.041434540389972144
2,0.5835280373831776,0.3868384401114206,0.05110981308411215,0.04317548746518106
2,0.5297897196261683,0.40842618384401114,0.06688084112149532,0.04526462395543175
2,0.5309579439252337,0.45403899721448465,0.06804906542056074,0.042827298050139274
2,0.53125,0.5215877437325905,0.0683411214953271,0.04387186629526462
2,0.5972546728971962,0.6476323119777159,0.04877336448598131,0.03864902506963788
2,0.5601635514018691,0.7715877437325905,0.04877336448598131,0.026462395543175487
2,0.5166471962616822,0.677924791086351,0.071553738317757,0.054317548746518104
2,0.5292056074766355,0.6187325905292479,0.08060747663551401,0.05118384401114206
2,0.41063084112149534,0.7799442896935933,0.125,0.04735376044568245
2,0.4430490654205608,0.6149025069637883,0.058703271028037386,0.05222841225626741
2,0.4480140186915888,0.6866295264623955,0.04643691588785047,0.03899721448467967
2,0.43720794392523366,0.6796657381615598,0.08089953271028037,0.06406685236768803
2,0.25671728971962615,0.7799442896935933,0.058703271028037386,0.04735376044568245
2,0.2091121495327103,0.753133704735376,0.04731308411214953,0.041434540389972144
2,0.09550233644859812,0.7858635097493036,0.053154205607476634,0.04073816155988858
2,0.1334696261682243,0.7621866295264624,0.05227803738317757,0.03795264623955432
2,0.0768107476635514,0.7158774373259053,0.054322429906542055,0.03795264623955432
2,0.14223130841121495,0.7172701949860725,0.054322429906542055,0.03864902506963788
2,0.10601635514018691,0.6928969359331476,0.05081775700934579,0.03655988857938719
2,0.10981308411214953,0.6302228412256268,0.04760514018691589,0.03934540389972145
2,0.07651869158878505,0.6110724233983287,0.04964953271028037,0.04073816155988858
2,0.0873247663551402,0.5546657381615598,0.04994158878504673,0.03864902506963788
2,0.10689252336448599,0.5285515320334262,0.0455607476635514,0.0383008356545961
2,0.19480140186915887,0.6803621169916435,0.07856308411214953,0.0584958217270195
2,0.2748247663551402,0.6786211699164345,0.07710280373831775,0.052924791086350974
2,0.3542640186915888,0.6761838440111421,0.07797897196261683,0.05118384401114206
2,0.1933411214953271,0.6159470752089137,0.07885514018691589,0.05536211699164345
2,0.27511682242990654,0.612116991643454,0.07622663551401869,0.05118384401114206
2,0.3592289719626168,0.6149025069637883,0.07885514018691589,0.059192200557103065
2,0.18691588785046728,0.5219359331476323,0.0651285046728972,0.04456824512534819
2,0.25292056074766356,0.5201949860724234,0.06629672897196262,0.041434540389972144
2,0.321553738317757,0.5215877437325905,0.06629672897196262,0.044916434540389974
2,0.254088785046729,0.4805013927576602,0.054614485981308414,0.03168523676880223
2,0.18662383177570094,0.44254874651810583,0.06775700934579439,0.04247910863509749
2,0.2558411214953271,0.4428969359331476,0.06863317757009346,0.041434540389972144
2,0.32184579439252337,0.4435933147632312,0.0651285046728972,0.04213091922005571
2,0.32272196261682246,0.3955431754874652,0.06688084112149532,0.044916434540389974
2,0.254964953271028,0.3944986072423398,0.0689252336448598,0.049094707520891366
2,0.1886682242990654,0.39519498607242337,0.0651285046728972,0.04596100278551532
2,0.11419392523364486,0.37186629526462395,0.039135514018691586,0.05257660167130919
2,0.06425233644859812,0.24477715877437325,0.05286214953271028,0.045612813370473536
2,0.07038551401869159,0.2963091922005571,0.04147196261682243,0.037604456824512536
2,0.02891355140186916,0.2928272980501393,0.04293224299065421,0.044220055710306405
2,0.020151869158878503,0.241991643454039,0.03533878504672897,0.04178272980501393
2,0.03271028037383177,0.193941504178273,0.04994158878504673,0.03447075208913649
2,0.12967289719626168,0.1814066852367688,0.04964953271028037,0.036211699164345405
2,0.19626168224299065,0.2440807799442897,0.04848130841121495,0.034818941504178275
2,0.2794976635514019,0.24373259052924792,0.0455607476635514,0.03725626740947075
2,0.36185747663551404,0.24303621169916434,0.041764018691588786,0.03655988857938719
2,0.19480140186915887,0.3147632311977716,0.056366822429906545,0.034818941504178275
2,0.2789135514018692,0.3161559888579387,0.04994158878504673,0.034818941504178275
2,0.3566004672897196,0.31580779944289694,0.05841121495327103,0.03516713091922006
2,0.4398364485981308,0.3168523676880223,0.04994158878504673,0.04073816155988858
2,0.4471378504672897,0.24477715877437325,0.05782710280373832,0.04004178272980501
2,0.41559579439252337,0.2134401114206128,0.04380841121495327,0.028203342618384402
2,0.46904205607476634,0.2719359331476323,0.04497663551401869,0.03447075208913649
2,0.4655373831775701,0.2851671309192201,0.04848130841121495,0.024721448467966575
2,0.4179322429906542,0.28690807799442897,0.04205607476635514,0.034122562674094706
2,0.3787967289719626,0.278899721448468,0.04643691588785047,0.03864902506963788
2,0.33557242990654207,0.2837743732590529,0.039427570093457945,0.03168523676880223
2,0.3367406542056075,0.21483286908077995,0.04322429906542056,0.03377437325905292
2,0.2555490654205608,0.28342618384401114,0.038551401869158876,0.03168523676880223
2,0.29585280373831774,0.28551532033426186,0.04877336448598131,0.029596100278551533
2,0.2526285046728972,0.2137883008356546,0.04848130841121495,0.02437325905292479
2,0.17231308411214954,0.21239554317548748,0.04994158878504673,0.028203342618384402
2,0.169392523364486,0.28133704735376047,0.04526869158878505,0.029596100278551533
2,0.21466121495327103,0.2837743732590529,0.04088785046728972,0.02576601671309192
2,0.0630841121495327,0.1354456824512535,0.052570093457943924,0.033426183844011144
2,0.03358644859813084,0.10445682451253482,0.04789719626168224,0.047701949860724235
2,0.10426401869158879,0.05745125348189415,0.05227803738317757,0.04178272980501393
2,0.05957943925233645,0.029944289693593314,0.05110981308411215,0.04178272980501393
2,0.15683411214953272,0.10445682451253482,0.0455607476635514,0.04178272980501393
2,0.1816588785046729,0.13509749303621169,0.04731308411214953,0.04108635097493036
2,0.26080607476635514,0.13440111420612813,0.05081775700934579,0.044916434540389974
2,0.2403621495327103,0.10376044568245125,0.04614485981308411,0.04073816155988858
2,0.31454439252336447,0.1333565459610028,0.04702102803738318,0.04387186629526462
2,0.36185747663551404,0.0766016713091922,0.04935747663551402,0.04317548746518106
2,0.43866822429906543,0.09644846796657382,0.04906542056074766,0.04247910863509749
2,0.3723714953271028,0.030292479108635098,0.038843457943925234,0.034818941504178275
2,0.41384345794392524,0.029596100278551533,0.04380841121495327,0.03899721448467967
