1,0.04672897196261682,0.07694986072423399,0.054614485981308414,0.06615598885793872
1,0.10163551401869159,0.0745125348189415,0.054322429906542055,0.06162952646239554
1,0.1574182242990654,0.07416434540389973,0.0566588785046729,0.05954038997214485
1,0.21378504672897197,0.07486072423398328,0.058119158878504676,0.05988857938718663
1,0.2701518691588785,0.07416434540389973,0.05724299065420561,0.06093314763231198
1,0.32564252336448596,0.07381615598885793,0.057535046728971966,0.06023676880222841
1,0.38113317757009346,0.07416434540389973,0.056950934579439255,0.05988857938718663
1,0.39865654205607476,0.08635097493036212,0.08323598130841121,0.08426183844011143
1,0.3837616822429907,0.14484679665738162,0.05227803738317757,0.034818941504178275
1,0.3878504672897196,0.1758356545961003,0.04497663551401869,0.030988857938718663
1,0.42435747663551404,0.16016713091922005,0.03212616822429906,0.06406685236768803
1,0.4529789719626168,0.05954038997214485,0.025408878504672897,0.029596100278551533
1,0.4526869158878505,0.16817548746518104,0.025408878504672897,0.045612813370473536
1,0.42114485981308414,0.25313370473537605,0.055198598130841124,0.05257660167130919
1,0.47867990654205606,0.2541782729805014,0.05987149532710281,0.05327298050139276
1,0.4710864485981308,0.31197771587743733,0.16501168224299065,0.06720055710306407
1,0.06045560747663552,0.17688022284122562,0.0873247663551402,0.04735376044568245
1,0.084696261682243,0.2823816155988858,0.0540303738317757,0.06615598885793872
1,0.0873247663551402,0.3607242339832869,0.05782710280373832,0.09192200557103064
1,0.15157710280373832,0.3917130919220056,0.0709696261682243,0.0644150417827298
1,0.21378504672897197,0.39380222841225626,0.058119158878504676,0.06720055710306407
1,0.26869158878504673,0.39380222841225626,0.055198598130841124,0.06754874651810584
1,0.3253504672897196,0.39275766016713093,0.057535046728971966,0.06580779944289694
1,0.38171728971962615,0.3934540389972145,0.05782710280373832,0.06720055710306407
1,0.43779205607476634,0.3934540389972145,0.05782710280373832,0.06789693593314763
1,0.4929906542056075,0.3934540389972145,0.055782710280373834,0.06789693593314763
1,0.544392523364486,0.3934540389972145,0.04760514018691589,0.06789693593314763
1,0.5952102803738317,0.3774373259052925,0.05841121495327103,0.06545961002785515
1,0.6512850467289719,0.3777855153203343,0.056950934579439255,0.0644150417827298
1,0.7076518691588785,0.3774373259052925,0.057535046728971966,0.06371866295264624
1,0.7646028037383178,0.3777855153203343,0.058703271028037386,0.06406685236768803
1,0.8250584112149533,0.3931058495821727,0.06542056074766354,0.06685236768802229
1,0.8858060747663551,0.39380222841225626,0.056074766355140186,0.06720055710306407
1,0.9412967289719626,0.3931058495821727,0.055782710280373834,0.06720055710306407
1,0.9976635514018691,0.3931058495821727,0.056366822429906545,0.06685236768802229
1,1.053446261682243,0.3931058495821727,0.056074766355140186,0.06720055710306407
1,1.1270443925233644,0.3934540389972145,0.09170560747663552,0.06754874651810584
1,1.2111565420560748,0.3934540389972145,0.07330607476635514,0.06754874651810584
1,1.2742406542056075,0.28168523676880225,0.05344626168224299,0.0685933147632312
1,1.2745327102803738,0.3607242339832869,0.053154205607476634,0.09366295264623956
1,1.2938084112149533,0.1775766016713092,0.07126168224299065,0.04805013927576602
1,1.3040303738317758,0.13196378830083566,0.05052570093457944,0.04596100278551532
1,1.3046144859813085,0.07555710306406685,0.04964953271028037,0.06685236768802229
1,1.254964953271028,0.07834261838440111,0.05227803738317757,0.07242339832869081
1,1.2018107476635513,0.0745125348189415,0.057535046728971966,0.06093314763231198
1,1.094626168224299,0.07416434540389973,0.06746495327102804,0.06093314763231198
1,1.143983644859813,0.07311977715877438,0.06074766355140187,0.06197771587743733
1,1.0359228971962617,0.07381615598885793,0.05227803738317757,0.05988857938718663
1,0.9862733644859814,0.08565459610027855,0.054322429906542055,0.0846100278551532
1,0.9853971962616822,0.14415041782729804,0.05081775700934579,0.03516713091922006
1,0.9813084112149533,0.17618384401114207,0.04497663551401869,0.031337047353760444
1,0.9065420560747663,0.14937325905292478,0.10075934579439252,0.06093314763231198
1,0.9074182242990654,0.08565459610027855,0.09783878504672897,0.059192200557103065
1,0.8221378504672897,0.07242339832869081,0.03183411214953271,0.05605849582172702
1,0.8434579439252337,0.11350974930362116,0.02570093457943925,0.020891364902506964
1,0.7929322429906542,0.06685236768802229,0.02453271028037383,0.034122562674094706
1,0.8186331775700935,0.09853760445682451,0.07593457943925233,0.108983286908078
1,0.6790303738317757,0.1347493036211699,0.12353971962616822,0.12743732590529247
1,0.5899532710280374,0.2775069637883008,0.14602803738317757,0.09749303621169916
1,0.7768691588785047,0.27715877437325903,0.15216121495327103,0.09993036211699165
1,0.8808411214953271,0.2541782729805014,0.058119158878504676,0.054317548746518104
1,0.9398364485981309,0.2541782729805014,0.058119158878504676,0.05396935933147632
1,0.8399532710280374,0.278899721448468,0.2748247663551402,0.13440111420612813
1,1.1226635514018692,0.2357242339832869,0.272196261682243,0.21100278551532034
1,0.24620327102803738,0.2357242339832869,0.2716121495327103,0.21901114206128133
1,0.1746495327102804,0.2667130919220056,0.07622663551401869,0.06476323119777158
1,0.1848714953271028,0.30954038997214484,0.07797897196261683,0.05988857938718663
1,0.15654205607476634,0.19185236768802227,0.08936915887850468,0.12674094707520892
1,0.21466121495327103,0.18454038997214484,0.071553738317757,0.10967966573816156
1,0.2654789719626168,0.18697771587743733,0.07301401869158879,0.11455431754874652
1,0.31688084112149534,0.18523676880222842,0.07213785046728972,0.11142061281337047
1,0.23802570093457945,0.28064066852367686,0.07301401869158879,0.11350974930362116
1,0.290303738317757,0.278899721448468,0.071553738317757,0.11211699164345404
1,0.34024532710280375,0.2802924791086351,0.07126168224299065,0.11629526462395544
2,0.08849299065420561,0.3603760445682451,0.035046728971962614,0.029944289693593314
2,0.10192757009345794,0.3826601671309192,0.03212616822429906,0.02681058495821727
2,0.16705607476635514,0.3997214484679666,0.03329439252336448,0.026114206128133706
2,0.15566588785046728,0.3770891364902507,0.03183411214953271,0.028551532033426183
2,0.22488317757009346,0.38091922005571033,0.03212616822429906,0.03307799442896936
2,0.19684579439252337,0.39763231197771587,0.03358644859813084,0.029596100278551533
2,0.2797897196261682,0.3864902506963788,0.03417056074766355,0.029596100278551533
2,0.25438084112149534,0.39519498607242337,0.03387850467289719,0.03168523676880223
2,0.0852803738317757,0.28168523676880225,0.03533878504672897,0.03064066852367688
2,0.07359813084112149,0.2618384401114206,0.03387850467289719,0.026462395543175487
2,0.06191588785046729,0.1775766016713092,0.036214953271028034,0.029944289693593314
2,0.04322429906542056,0.1855849582172702,0.037967289719626166,0.028551532033426183
2,0.04848130841121495,0.0766016713091922,0.036799065420560745,0.026462395543175487
2,0.035630841121495324,0.05605849582172702,0.03154205607476635,0.027158774373259052
2,0.10747663551401869,0.08112813370473537,0.039427570093457945,0.027158774373259052
2,0.09228971962616822,0.05536211699164345,0.040595794392523366,0.028899721448467967
2,0.16063084112149534,0.05884401114206128,0.037675233644859814,0.031337047353760444
2,0.14544392523364486,0.07903899721448468,0.035046728971962614,0.028899721448467967
2,0.2038551401869159,0.07694986072423399,0.039135514018691586,0.03307799442896936
2,0.2266355140186916,0.06580779944289694,0.0344626168224299,0.034122562674094706
2,0.26080607476635514,0.05814763231197772,0.03241822429906542,0.03447075208913649
2,0.28154205607476634,0.0766016713091922,0.03358644859813084,0.030988857938718663
2,0.3157126168224299,0.05536211699164345,0.02891355140186916,0.028551532033426183
2,0.3341121495327103,0.06998607242339833,0.03650700934579439,0.03969359331476323
2,0.15566588785046728,0.193941504178273,0.04293224299065421,0.03447075208913649
2,0.16559579439252337,0.26915041782729804,0.04380841121495327,0.027855153203342618
2,0.1758177570093458,0.3137186629526462,0.038843457943925234,0.026114206128133706
2,0.24094626168224298,0.2698467966573816,0.035630841121495324,0.03725626740947075
2,0.22605140186915887,0.19220055710306408,0.035630841121495324,0.031337047353760444
2,0.2757009345794392,0.19080779944289694,0.03650700934579439,0.03307799442896936
2,0.28942757009345793,0.282033426183844,0.038843457943925234,0.032729805013927575
2,0.3317757009345794,0.2694986072423398,0.037383177570093455,0.03725626740947075
2,0.3183411214953271,0.18523676880222842,0.03241822429906542,0.03690807799442897
2,0.3717873831775701,0.07694986072423399,0.03417056074766355,0.03238161559888579
2,0.3866822429906542,0.05536211699164345,0.035630841121495324,0.03238161559888579
2,0.4258177570093458,0.10376044568245125,0.0397196261682243,0.02298050139275766
2,0.4558995327102804,0.05675487465181058,0.03329439252336448,0.030988857938718663
2,0.38113317757009346,0.14032033426183843,0.0423481308411215,0.03934540389972145
2,0.3860981308411215,0.17688022284122562,0.037383177570093455,0.028899721448467967
2,0.4237733644859813,0.15807799442896936,0.03241822429906542,0.029944289693593314
2,0.45531542056074764,0.16782729805013927,0.02832943925233645,0.034818941504178275
2,0.4205607476635514,0.2566155988857939,0.03475467289719626,0.03655988857938719
2,0.477803738317757,0.25104456824512533,0.037383177570093455,0.034818941504178275
2,0.4564836448598131,0.3123259052924791,0.1398948598130841,0.06754874651810584
2,0.5306658878504673,0.28342618384401114,0.035630841121495324,0.03447075208913649
2,0.30957943925233644,0.39519498607242337,0.03300233644859813,0.030292479108635098
2,0.3358644859813084,0.38579387186629527,0.035046728971962614,0.03307799442896936
2,0.3910630841121495,0.38370473537604455,0.03533878504672897,0.03586350974930362
2,0.428446261682243,0.3896239554317549,0.03329439252336448,0.033426183844011144
2,0.45005841121495327,0.39275766016713093,0.03417056074766355,0.03725626740947075
2,0.47546728971962615,0.39519498607242337,0.03533878504672897,0.03168523676880223
2,0.500876168224299,0.3777855153203343,0.035630841121495324,0.03934540389972145
2,0.532126168224299,0.39415041782729804,0.03008177570093458,0.032729805013927575
2,0.5531542056074766,0.3854456824512535,0.03066588785046729,0.034122562674094706
2,0.6807827102803738,0.133008356545961,0.036214953271028034,0.03203342618384401
2,0.5689252336448598,0.25452646239554316,0.04964953271028037,0.05745125348189415
2,0.6372663551401869,0.25696378830083566,0.054322429906542055,0.03864902506963788
2,0.7070677570093458,0.258008356545961,0.04643691588785047,0.0403899721448468
2,0.7377336448598131,0.2600974930362117,0.029205607476635514,0.034818941504178275
2,0.7908878504672897,0.25591922005571033,0.04293224299065421,0.0584958217270195
2,0.5884929906542056,0.3165041782729805,0.05344626168224299,0.03377437325905292
2,0.7742406542056075,0.31824512534818944,0.05286214953271028,0.029596100278551533
2,0.6063084112149533,0.3736072423398329,0.03592289719626168,0.03168523676880223
2,0.5768107476635514,0.37569637883008355,0.03300233644859813,0.03377437325905292
2,0.6507009345794392,0.36629526462395545,0.03358644859813084,0.028899721448467967
2,0.664427570093458,0.3920612813370474,0.03271028037383177,0.028551532033426183
2,0.6936331775700935,0.3763927576601671,0.03271028037383177,0.029596100278551533
2,0.7190420560747663,0.3729108635097493,0.03300233644859813,0.034818941504178275
2,0.7707359813084113,0.37987465181058494,0.056366822429906545,0.03864902506963788
2,0.8189252336448598,0.39658774373259054,0.04293224299065421,0.04700557103064067
2,0.8735397196261683,0.395891364902507,0.025992990654205607,0.03795264623955432
2,0.8974883177570093,0.38753481894150416,0.03417056074766355,0.03725626740947075
2,0.9246495327102804,0.3934540389972145,0.030373831775700934,0.031337047353760444
2,0.9494742990654206,0.3868384401114206,0.03329439252336448,0.030988857938718663
2,0.9804322429906542,0.3934540389972145,0.02570093457943925,0.030988857938718663
2,1.0073014018691588,0.38614206128133705,0.03212616822429906,0.03377437325905292
2,0.8364485981308412,0.2876044568245125,0.041179906542056076,0.03864902506963788
2,0.8408294392523364,0.2621866295264624,0.05169392523364486,0.04456824512534819
2,0.8764602803738317,0.2541782729805014,0.04264018691588785,0.035515320334261836
2,0.9342873831775701,0.25313370473537605,0.05023364485981308,0.035515320334261836
2,0.905373831775701,0.31337047353760444,0.13726635514018692,0.07033426183844012
2,1.059871495327103,0.3868384401114206,0.037675233644859814,0.032729805013927575
2,1.0385514018691588,0.3944986072423398,0.02949766355140187,0.03168523676880223
2,1.1022196261682242,0.407033426183844,0.035630841121495324,0.034818941504178275
2,1.124123831775701,0.391016713091922,0.04264018691588785,0.033426183844011144
2,1.1962616822429906,0.40668523676880225,0.029205607476635514,0.034122562674094706
2,1.2120327102803738,0.3868384401114206,0.040011682242990655,0.029944289693593314
2,1.0867406542056075,0.2336350974930362,0.0370911214953271,0.037604456824512536
2,1.1912967289719627,0.23224233983286907,0.037383177570093455,0.029944289693593314
2,1.283878504672897,0.35236768802228413,0.037967289719626166,0.035515320334261836
2,1.2619742990654206,0.3770891364902507,0.03387850467289719,0.03168523676880223
2,1.278621495327103,0.27681058495821725,0.04410046728971963,0.03725626740947075
2,1.2978971962616823,0.1758356545961003,0.036799065420560745,0.03168523676880223
2,1.3127920560747663,0.16608635097493035,0.03329439252336448,0.03203342618384401
2,1.3119158878504673,0.133008356545961,0.035046728971962614,0.03238161559888579
2,1.3110397196261683,0.08286908077994429,0.03329439252336448,0.034818941504178275
2,1.2955607476635513,0.06023676880222841,0.02832943925233645,0.036211699164345405
2,1.245911214953271,0.07486072423398328,0.03387850467289719,0.028551532033426183
2,1.2683995327102804,0.07172701949860724,0.02336448598130841,0.034818941504178275
2,1.2152453271028036,0.08704735376044569,0.037675233644859814,0.02924791086350975
2,1.1933411214953271,0.0584958217270195,0.03387850467289719,0.030988857938718663
2,1.158002336448598,0.06928969359331476,0.0397196261682243,0.03238161559888579
2,1.139018691588785,0.08043175487465182,0.03125,0.029596100278551533
2,1.09053738317757,0.08774373259052924,0.04030373831775701,0.027506963788300837
2,1.0852803738317758,0.056406685236768804,0.03475467289719626,0.030988857938718663
2,1.1948014018691588,0.23502785515320335,0.11828271028037383,0.20891364902506965
2,0.9816004672897196,0.17653203342618384,0.04380841121495327,0.027158774373259052
2,0.9862733644859814,0.141016713091922,0.04264018691588785,0.03795264623955432
2,0.9886098130841121,0.08565459610027855,0.039427570093457945,0.03238161559888579
2,0.9728387850467289,0.06302228412256268,0.03329439252336448,0.029596100278551533
2,1.0300817757009346,0.0807799442896936,0.038551401869158876,0.03447075208913649
2,1.0379672897196262,0.05954038997214485,0.035046728971962614,0.03168523676880223
2,0.9082943925233645,0.1556406685236769,0.02949766355140187,0.030988857938718663
2,0.907126168224299,0.08565459610027855,0.02949766355140187,0.03203342618384401
2,0.8431658878504673,0.11629526462395544,0.027745327102803738,0.03377437325905292
2,0.8253504672897196,0.06337047353760446,0.03475467289719626,0.03447075208913649
2,0.7917640186915887,0.06754874651810584,0.03154205607476635,0.03795264623955432
2,0.8069509345794392,0.11629526462395544,0.025992990654205607,0.03586350974930362
