2,1.203855140186916,0.42618384401114207,0.040595794392523366,0.032729805013927575
2,1.0992990654205608,0.43245125348189417,0.03300233644859813,0.02437325905292479
2,1.1103971962616823,0.43279944289693595,0.07856308411214953,0.07520891364902507
2,1.0438084112149533,0.4321030640668524,0.03300233644859813,0.03655988857938719
2,1.0478971962616823,0.3777855153203343,0.027161214953271028,0.029596100278551533
2,1.0446845794392523,0.33356545961002787,0.03417056074766355,0.027506963788300837
2,1.1112733644859814,0.33356545961002787,0.07797897196261683,0.07103064066852367
2,1.1810747663551402,0.3321727019498607,0.028621495327102803,0.025069637883008356
2,1.0441004672897196,0.28447075208913647,0.03212616822429906,0.026462395543175487
2,1.0455607476635513,0.23607242339832868,0.02891355140186916,0.028899721448467967
2,1.0902453271028036,0.2527855153203343,0.026869158878504672,0.030988857938718663
2,1.1229556074766356,0.2621866295264624,0.03183411214953271,0.023676880222841225
2,1.1378504672897196,0.24547353760445684,0.027453271028037383,0.026114206128133706
2,1.169392523364486,0.2618384401114206,0.027161214953271028,0.02541782729805014
2,1.1822429906542056,0.24547353760445684,0.027453271028037383,0.025069637883008356
2,1.2234228971962617,0.2705431754874652,0.02832943925233645,0.027158774373259052
2,1.2158294392523366,0.24373259052924792,0.02453271028037383,0.023676880222841225
2,1.1474883177570094,0.13126740947075208,0.03387850467289719,0.03203342618384401
2,1.0365070093457944,0.13022284122562675,0.03475467289719626,0.027506963788300837
2,0.9047897196261683,0.13126740947075208,0.03300233644859813,0.03377437325905292
2,0.9059579439252337,0.22493036211699163,0.03125,0.027158774373259052
2,0.8533878504672897,0.22841225626740946,0.030957943925233645,0.024721448467966575
2,0.8180490654205608,0.13022284122562675,0.02102803738317757,0.02541782729805014
2,0.8160046728971962,0.09540389972144847,0.018107476635514017,0.027506963788300837
2,0.7628504672897196,0.11142061281337047,0.028621495327102803,0.03064066852367688
2,0.7514602803738317,0.06511142061281337,0.026869158878504672,0.028899721448467967
2,0.7257593457943925,0.06754874651810584,0.026577102803738317,0.02541782729805014
2,0.7316004672897196,0.1612116991643454,0.027453271028037383,0.02437325905292479
2,0.7634345794392523,0.1612116991643454,0.027745327102803738,0.025069637883008356
2,0.8329439252336449,0.28690807799442897,0.02949766355140187,0.02402506963788301
2,0.9223130841121495,0.3102367688022284,0.02949766355140187,0.04004178272980501
2,0.9623247663551402,0.41225626740947074,0.03212616822429906,0.02924791086350975
2,0.9290303738317757,0.36176880222841223,0.03212616822429906,0.032729805013927575
2,0.8008177570093458,0.41469359331476324,0.03125,0.028551532033426183
2,0.7245911214953271,0.4220055710306407,0.020151869158878503,0.030988857938718663
2,0.6267523364485982,0.12604456824512536,0.03241822429906542,0.03447075208913649
2,0.6419392523364486,0.2670612813370474,0.030957943925233645,0.03064066852367688
2,0.42990654205607476,0.06023676880222841,0.02832943925233645,0.028899721448467967
2,0.4301985981308411,0.15598885793871867,0.03154205607476635,0.027158774373259052
2,0.38317757009345793,0.11281337047353761,0.03183411214953271,0.02576601671309192
2,0.40332943925233644,0.23015320334261838,0.03154205607476635,0.030292479108635098
2,0.3484228971962617,0.22527855153203344,0.029789719626168224,0.027158774373259052
2,0.397196261682243,0.26915041782729804,0.029789719626168224,0.02681058495821727
2,0.3107476635514019,0.290041782729805,0.029789719626168224,0.027506963788300837
2,0.2207943925233645,0.13823119777158774,0.03212616822429906,0.036211699164345405
2,0.1971378504672897,0.20055710306406685,0.030957943925233645,0.02576601671309192
2,0.19889018691588786,0.3245125348189415,0.030957943925233645,0.03203342618384401
