1,0.051985981308411214,0.11211699164345404,0.05899532710280374,0.07033426183844012
1,0.10835280373831775,0.11246518105849582,0.05724299065420561,0.0706824512534819
1,0.16442757009345793,0.11037604456824512,0.05724299065420561,0.06615598885793872
1,0.22021028037383178,0.10933147632311978,0.056950934579439255,0.0644150417827298
1,0.2765771028037383,0.11002785515320335,0.058119158878504676,0.06476323119777158
1,0.3320677570093458,0.10967966573816156,0.056950934579439255,0.06511142061281337
1,0.38814252336448596,0.11037604456824512,0.05724299065420561,0.06615598885793872
1,0.4614485981308411,0.09435933147632312,0.028037383177570093,0.032729805013927575
1,0.3901869158878505,0.18071030640668523,0.053738317757009345,0.03516713091922006
1,0.3942757009345794,0.21274373259052926,0.0455607476635514,0.03168523676880223
1,0.4632009345794392,0.20473537604456823,0.03183411214953271,0.044220055710306405
1,0.5496495327102804,0.1048050139275766,0.07330607476635514,0.04805013927576602
1,0.5511098130841121,0.2036908077994429,0.07593457943925233,0.049094707520891366
1,0.04643691588785047,0.1671309192200557,0.035630841121495324,0.0403899721448468
1,0.06950934579439252,0.21309192200557103,0.08060747663551401,0.047701949860724235
1,0.09287383177570094,0.3360027855153203,0.053154205607476634,0.10271587743732591
1,0.09287383177570094,0.4171309192200557,0.05052570093457944,0.0584958217270195
1,0.15566588785046728,0.4300139275766017,0.07505841121495327,0.06789693593314763
1,0.21787383177570094,0.43036211699164345,0.052570093457943924,0.06615598885793872
1,0.2692757009345794,0.43071030640668523,0.052570093457943924,0.06824512534818941
1,0.3221378504672897,0.43071030640668523,0.055782710280373834,0.06789693593314763
1,0.3758761682242991,0.43036211699164345,0.055490654205607476,0.06824512534818941
1,0.4258177570093458,0.4139972144846797,0.04731308411214953,0.03586350974930362
1,0.4258177570093458,0.4481197771587744,0.04760514018691589,0.03203342618384401
1,0.46203271028037385,0.3993732590529248,0.07622663551401869,0.1309192200557103
1,0.5382593457943925,0.40006963788300837,0.07885514018691589,0.12952646239554316
1,0.4264018691588785,0.27959610027855153,0.0592873831775701,0.06162952646239554
1,0.4845210280373832,0.2799442896935933,0.05987149532710281,0.06128133704735376
1,0.5960864485981309,0.290041782729805,0.09900700934579439,0.060584958217270196
1,0.6915887850467289,0.29143454038997213,0.09287383177570094,0.057103064066852366
1,0.7540887850467289,0.2917827298050139,0.03300233644859813,0.05605849582172702
1,0.799357476635514,0.2903899721448468,0.06103971962616823,0.05988857938718663
1,0.15157710280373832,0.18976323119777158,0.06337616822429906,0.046309192200557105
1,0.22634345794392524,0.19011142061281336,0.10689252336448599,0.04596100278551532
1,0.15478971962616822,0.23885793871866295,0.08235981308411215,0.05536211699164345
1,0.17172897196261683,0.2886490250696379,0.06863317757009346,0.047701949860724235
1,0.17844626168224298,0.34052924791086353,0.08177570093457943,0.06093314763231198
1,0.23539719626168223,0.34157381615598886,0.06016355140186916,0.057103064066852366
1,0.28329439252336447,0.34157381615598886,0.06396028037383178,0.05745125348189415
1,0.24299065420560748,0.262883008356546,0.12032710280373832,0.10306406685236769
1,0.3078271028037383,0.18976323119777158,0.07797897196261683,0.04596100278551532
1,0.3428738317757009,0.2966573816155989,0.06483644859813084,0.0766016713091922
1,0.3495911214953271,0.35201949860724235,0.05227803738317757,0.03725626740947075
1,0.32710280373831774,0.2907381615598886,0.0969626168224299,0.15981894150417827
1,0.6869158878504673,0.383008356545961,0.24766355140186916,0.12534818941504178
1,0.829731308411215,0.43036211699164345,0.07067757009345794,0.06789693593314763
1,0.9106308411214953,0.43036211699164345,0.09375,0.06789693593314763
1,0.9947429906542056,0.43036211699164345,0.07651869158878505,0.06824512534818941
1,1.0595794392523366,0.4300139275766017,0.057535046728971966,0.0665041782729805
1,1.1349299065420562,0.4300139275766017,0.09462616822429906,0.06720055710306407
1,1.2181658878504673,0.43036211699164345,0.07622663551401869,0.06754874651810584
1,1.2818341121495327,0.3986768802228412,0.053154205607476634,0.09401114206128133
1,1.2809579439252337,0.31720055710306405,0.052570093457943924,0.0685933147632312
1,0.8825934579439252,0.27924791086350975,0.06688084112149532,0.06162952646239554
1,0.9521028037383178,0.2782033426183844,0.07505841121495327,0.06232590529247911
1,0.898072429906542,0.3398328690807799,0.08235981308411215,0.06232590529247911
1,0.9620327102803738,0.3398328690807799,0.0481892523364486,0.06371866295264624
1,0.8005257009345794,0.10828690807799443,0.03212616822429906,0.06232590529247911
1,0.8288551401869159,0.10759052924791086,0.03533878504672897,0.060584958217270196
1,0.8504672897196262,0.14937325905292478,0.03212616822429906,0.027506963788300837
1,0.9147196261682243,0.12256267409470752,0.10192757009345794,0.059192200557103065
1,0.9147196261682243,0.18593314763231197,0.1022196261682243,0.06128133704735376
1,0.9871495327102804,0.21274373259052926,0.04731308411214953,0.03203342618384401
1,0.9926985981308412,0.18001392757660167,0.05841121495327103,0.034818941504178275
1,0.985981308411215,0.12047353760445682,0.04526869158878505,0.08774373259052924
1,1.0382593457943925,0.11142061281337047,0.0625,0.06824512534818941
1,1.1019275700934579,0.10933147632311978,0.06804906542056074,0.0644150417827298
1,1.151285046728972,0.108983286908078,0.06133177570093458,0.06371866295264624
1,1.2345210280373833,0.11350974930362116,0.1106892523364486,0.07311977715877438
1,1.3168808411214954,0.11211699164345404,0.05987149532710281,0.06963788300835655
1,1.3054906542056075,0.1935933147632312,0.08294392523364486,0.09714484679665739
1,1.0397196261682242,0.34401114206128136,0.0879088785046729,0.060584958217270196
1,1.0257009345794392,0.30153203342618384,0.04147196261682243,0.036211699164345405
1,1.0508177570093458,0.2736768802228412,0.08440420560747663,0.0745125348189415
1,1.1030957943925233,0.2921309192200557,0.04877336448598131,0.06789693593314763
1,1.1404789719626167,0.2921309192200557,0.04497663551401869,0.04526462395543175
1,1.1600467289719627,0.3516713091922006,0.03417056074766355,0.04004178272980501
1,1.188376168224299,0.3266016713091922,0.09141355140186916,0.0908774373259053
1,1.2292640186915889,0.3025766016713092,0.036799065420560745,0.04247910863509749
1,1.2070677570093458,0.24442896935933148,0.08148364485981309,0.08426183844011143
1,1.2175817757009346,0.1960306406685237,0.07651869158878505,0.059192200557103065
1,1.1404789719626167,0.22353760445682452,0.09667056074766354,0.11420612813370473
1,1.0861565420560748,0.21274373259052926,0.054614485981308414,0.09261838440111421
1,1.0505257009345794,0.20717270194986073,0.05169392523364486,0.08147632311977716
1,0.6860397196261683,0.16643454038997216,0.1939252336448598,0.1368384401114206
