1,0.04526869158878505,0.06162952646239554,0.06950934579439252,0.08182451253481894
1,0.0455607476635514,0.1347493036211699,0.07038551401869159,0.06720055710306407
1,0.11214953271028037,0.05257660167130919,0.06717289719626168,0.05605849582172702
1,0.11214953271028037,0.12325905292479108,0.06688084112149532,0.08983286908077995
1,0.17698598130841123,0.06371866295264624,0.06746495327102804,0.07903899721448468
1,0.2435747663551402,0.09644846796657382,0.06921728971962617,0.14345403899721448
1,0.15595794392523366,0.21448467966573817,0.2316004672897196,0.08809192200557103
1,0.084696261682243,0.5034818941504178,0.06688084112149532,0.10759052924791086
1,0.13434579439252337,0.48363509749303624,0.06980140186915888,0.10584958217270195
1,0.18896028037383178,0.4672701949860724,0.07622663551401869,0.10271587743732591
1,0.2447429906542056,0.4495125348189415,0.07389018691588785,0.09192200557103064
1,0.22342289719626168,0.8091922005571031,0.10105140186915888,0.1333565459610028
1,0.3904789719626168,0.7423398328690808,0.0794392523364486,0.09227019498607242
1,0.36477803738317754,0.6897632311977716,0.0820677570093458,0.0846100278551532
1,0.3495911214953271,0.6392757660167131,0.09754672897196262,0.09610027855153204
1,0.3364485981308411,0.47876044568245124,0.037967289719626166,0.046309192200557105
1,0.33703271028037385,0.5309888579387186,0.03592289719626168,0.06789693593314763
1,0.37616822429906543,0.5456128133704735,0.03650700934579439,0.04735376044568245
1,0.4301985981308411,0.541782729805014,0.06074766355140187,0.05605849582172702
1,0.42085280373831774,0.48676880222841223,0.0423481308411215,0.057799442896935935
1,0.4132593457943925,0.3502785515320334,0.15800233644859812,0.07242339832869081
1,0.4661214953271028,0.3868384401114206,0.054906542056074766,0.04979108635097493
1,0.6667640186915887,0.5142757660167131,0.04410046728971963,0.11176880222841226
1,0.6489485981308412,0.5421309192200557,0.08148364485981309,0.056406685236768804
1,0.6282126168224299,0.47597493036211697,0.0397196261682243,0.08252089136490251
1,0.7184579439252337,0.4878133704735376,0.04731308411214953,0.05745125348189415
1,0.7593457943925234,0.4832869080779944,0.03475467289719626,0.05013927576601671
1,0.731892523364486,0.5414345403899722,0.07447429906542057,0.05396935933147632
1,0.7806658878504673,0.5483983286908078,0.027161214953271028,0.04108635097493036
1,0.8335280373831776,0.5456128133704735,0.028037383177570093,0.017409470752089137
1,0.7768691588785047,0.25591922005571033,0.13960280373831777,0.10584958217270195
1,0.657126168224299,0.2694986072423398,0.08936915887850468,0.06476323119777158
1,0.9669976635514018,0.5762534818941504,0.2578855140186916,0.1671309192200557
1,0.9889018691588785,0.4101671309192201,0.21407710280373832,0.16225626740947074
1,1.0274532710280373,0.17862116991643454,0.13755841121495327,0.30954038997214484
1,0.8907710280373832,0.1796657381615599,0.13317757009345793,0.3050139275766017
1,0.7371495327102804,0.41051532033426186,0.037383177570093455,0.05222841225626741
1,0.5461448598130841,0.1991643454038997,0.056366822429906545,0.06232590529247911
1,0.2882593457943925,0.28934540389972147,0.03300233644859813,0.08565459610027855
1,0.4485981308411215,0.19811977715877438,0.10514018691588785,0.0905292479108635
