1,0.10747663551401869,0.26497214484679665,0.2003504672897196,0.33391364902506965
1,0.13492990654205608,0.09610027855153204,0.2695677570093458,0.13997214484679665
1,0.4278621495327103,0.5062674094707521,0.04351635514018692,0.060584958217270196
1,0.43720794392523366,0.564066852367688,0.06366822429906542,0.05814763231197772
1,0.5630841121495327,0.193941504178273,0.554322429906542,0.07172701949860724
1,0.6416471962616822,0.49512534818941506,0.0397196261682243,0.08391364902506963
1,0.6629672897196262,0.5574512534818942,0.08235981308411215,0.04178272980501393
1,0.6629672897196262,0.5236768802228412,0.0820677570093458,0.1392757660167131
1,0.6813668224299065,0.5292479108635098,0.04468457943925234,0.09784122562674094
1,0.7298481308411215,0.6862813370473537,0.26022196261682246,0.1758356545961003
1,0.6419392523364486,0.7886490250696379,0.04935747663551402,0.045612813370473536
1,0.7348130841121495,0.5087047353760445,0.05052570093457944,0.06023676880222841
1,0.750876168224299,0.5644150417827298,0.07593457943925233,0.057103064066852366
1,0.7777453271028038,0.5034818941504178,0.035630841121495324,0.0504874651810585
1,0.7780373831775701,0.5393454038997214,0.035046728971962614,0.02576601671309192
1,0.7999415887850467,0.5717270194986073,0.027453271028037383,0.044916434540389974
1,0.981892523364486,0.6807103064066853,0.2897196261682243,0.18906685236768803
1,1.1022196261682242,0.6472841225626741,0.04147196261682243,0.06998607242339833
1,1.0496495327102804,0.4596100278551532,0.14077102803738317,0.2604456824512535
1,1.0496495327102804,0.18279944289693592,0.1419392523364486,0.30571030640668523
1,0.865946261682243,0.10724233983286909,0.038551401869158876,0.15598885793871867
