1,1.0604556074766356,0.6333565459610028,0.0651285046728972,0.07520891364902507
1,0.9886098130841121,0.633008356545961,0.052570093457943924,0.07346796657381616
1,0.9290303738317757,0.6340529247910863,0.0625,0.07346796657381616
1,0.860981308411215,0.6337047353760445,0.06775700934579439,0.07486072423398328
1,1.0516939252336448,0.5522284122562674,0.08177570093457943,0.08252089136490251
1,1.0540303738317758,0.40807799442896936,0.07651869158878505,0.06545961002785515
1,1.0551985981308412,0.47597493036211697,0.07827102803738317,0.06406685236768803
1,0.9494742990654206,0.5132311977715878,0.09462616822429906,0.10724233983286909
1,0.9412967289719626,0.39798050139275765,0.08644859813084112,0.12465181058495822
1,1.0543224299065421,0.3370473537604457,0.07593457943925233,0.07311977715877438
1,1.0318341121495327,0.28133704735376047,0.07359813084112149,0.06685236768802229
1,1.0309579439252337,0.20856545961002784,0.07272196261682243,0.07346796657381616
1,1.065128504672897,0.16016713091922005,0.055490654205607476,0.060584958217270196
1,1.0604556074766356,0.08530640668523677,0.06804906542056074,0.08530640668523677
1,0.9935747663551402,0.08600278551532034,0.06162383177570094,0.08217270194986072
1,0.929322429906542,0.08600278551532034,0.0630841121495327,0.08391364902506963
1,0.8641939252336449,0.0866991643454039,0.06658878504672897,0.08286908077994429
1,0.8349883177570093,0.20438718662952646,0.0852803738317757,0.06824512534818941
1,0.9380841121495327,0.2479108635097493,0.05899532710280374,0.1692200557103064
1,0.8598130841121495,0.5595403899721448,0.0344626168224299,0.06894150417827298
1,0.8592289719626168,0.4648328690807799,0.03212616822429906,0.1208217270194986
1,0.7704439252336449,0.532033426183844,0.054614485981308414,0.10724233983286909
1,0.7348130841121495,0.4961699164345404,0.03125,0.03655988857938719
1,0.7207943925233645,0.549791086350975,0.04264018691588785,0.0644150417827298
1,0.6632593457943925,0.49651810584958217,0.03183411214953271,0.03655988857938719
1,0.6991822429906542,0.49686629526462395,0.036214953271028034,0.03690807799442897
1,0.6699766355140186,0.5522284122562674,0.04439252336448598,0.0685933147632312
1,0.6293808411214953,0.5191504178272981,0.03329439252336448,0.13266016713091922
1,0.7479556074766355,0.20299442896935932,0.08323598130841121,0.0685933147632312
1,0.6626752336448598,0.20334261838440112,0.08411214953271028,0.06824512534818941
1,0.5776869158878505,0.20334261838440112,0.08352803738317757,0.06824512534818941
1,0.4926985981308411,0.20334261838440112,0.0820677570093458,0.06824512534818941
1,0.48218457943925236,0.2938718662952646,0.06279205607476636,0.10793871866295264
1,0.6086448598130841,0.3064066852367688,0.0820677570093458,0.08286908077994429
1,0.678446261682243,0.30571030640668523,0.05227803738317757,0.08530640668523677
1,0.3644859813084112,0.23050139275766016,0.16851635514018692,0.12291086350974931
1,0.34667056074766356,0.32207520891364905,0.13259345794392524,0.05536211699164345
1,0.3180490654205608,0.43454038997214484,0.03329439252336448,0.06615598885793872
1,0.2692757009345794,0.44881615598885793,0.05957943925233645,0.07103064066852367
1,0.4252336448598131,0.503133704735376,0.039135514018691586,0.05362116991643454
1,0.43545560747663553,0.5584958217270195,0.06133177570093458,0.05257660167130919
1,0.3823014018691589,0.5661559888579387,0.03592289719626168,0.041434540389972144
1,0.8028621495327103,0.3064066852367688,0.0370911214953271,0.08704735376044569
1,0.8510514018691588,0.3064066852367688,0.054322429906542055,0.08704735376044569
1,0.053154205607476634,0.108983286908078,0.0657126168224299,0.07416434540389973
1,0.11945093457943926,0.13057103064066852,0.06133177570093458,0.11733983286908078
1,0.1842873831775701,0.11211699164345404,0.0625,0.08043175487465182
1,0.25,0.12639275766016714,0.06483644859813084,0.10863509749303621
1,0.09783878504672897,0.24094707520891365,0.10367990654205607,0.0967966573816156
1,0.15070093457943926,0.24233983286908078,0.030373831775700934,0.05153203342618384
1,0.18983644859813084,0.25313370473537605,0.04264018691588785,0.07242339832869081
1,0.1737733644859813,0.32729805013927576,0.07651869158878505,0.06998607242339833
1,0.3189252336448598,0.49129526462395545,0.026869158878504672,0.042827298050139274
1,0.08060747663551401,0.3944986072423398,0.09170560747663552,0.08321727019498608
1,0.0943341121495327,0.4582172701949861,0.09404205607476636,0.09784122562674094
1,0.10922897196261683,0.5236768802228412,0.09258177570093458,0.08356545961002786
1,0.125,0.5793871866295265,0.09375,0.08948467966573816
1,0.14544392523364486,0.6424094707520891,0.1001752336448598,0.10201949860724234
1,0.16647196261682243,0.6995125348189415,0.09199766355140188,0.08774373259052924
1,0.2885514018691589,0.7447771587743732,0.2973130841121495,0.3043175487465181
