1,0.1536214953271028,0.1048050139275766,0.2727803738317757,0.15668523676880222
1,0.13755841121495327,0.2639275766016713,0.21933411214953272,0.20856545961002784
1,0.37383177570093457,0.6288300835654597,0.06483644859813084,0.08391364902506963
1,0.3282710280373832,0.21587743732590528,0.07856308411214953,0.12012534818941505
1,0.3282710280373832,0.30571030640668523,0.07914719626168225,0.06023676880222841
1,0.38843457943925236,0.201949860724234,0.04497663551401869,0.0887883008356546
1,0.43078271028037385,0.1873259052924791,0.041179906542056076,0.05954038997214485
1,0.47313084112149534,0.18697771587743733,0.04088785046728972,0.06023676880222841
1,0.4550233644859813,0.2562674094707521,0.0768107476635514,0.07137883008356546
1,0.4550233644859813,0.31720055710306405,0.07710280373831775,0.04596100278551532
1,0.5391355140186916,0.2862116991643454,0.0852803738317757,0.08704735376044569
1,0.5516939252336449,0.1894150417827298,0.11302570093457943,0.06302228412256268
1,0.6372663551401869,0.18906685236768803,0.05344626168224299,0.06302228412256268
1,0.7079439252336449,0.18906685236768803,0.08294392523364486,0.06302228412256268
1,0.6358060747663551,0.2938718662952646,0.054614485981308414,0.08356545961002786
1,0.6889602803738317,0.2945682451253482,0.05023364485981308,0.08495821727019498
1,0.791179906542056,0.18906685236768803,0.07827102803738317,0.06337047353760446
1,0.8189252336448598,0.28934540389972147,0.0651285046728972,0.09435933147632312
1,0.888142523364486,0.28969359331476324,0.07126168224299065,0.09435933147632312
1,0.8761682242990654,0.217966573816156,0.09199766355140188,0.054317548746518104
1,0.8928154205607477,0.11211699164345404,0.12850467289719625,0.1612116991643454
1,0.428446261682243,0.49164345403899723,0.0423481308411215,0.05884401114206128
1,0.4383761682242991,0.5501392757660167,0.06133177570093458,0.06197771587743733
1,0.4935747663551402,0.48502785515320335,0.039135514018691586,0.17444289693593315
1,0.5896612149532711,0.48502785515320335,0.038843457943925234,0.1733983286908078
1,0.634929906542056,0.48119777158774374,0.037675233644859814,0.08043175487465182
1,0.6565420560747663,0.5477019498607242,0.07651869158878505,0.054317548746518104
1,0.6737733644859814,0.49408077994428967,0.039427570093457945,0.05362116991643454
1,0.7260514018691588,0.49442896935933145,0.04906542056074766,0.054317548746518104
1,0.7380257009345794,0.5466573816155988,0.0709696261682243,0.049094707520891366
1,0.7666471962616822,0.4895543175487465,0.03183411214953271,0.045612813370473536
1,0.7657710280373832,0.5236768802228412,0.03417056074766355,0.02437325905292479
1,0.7873831775700935,0.5543175487465181,0.026869158878504672,0.041434540389972144
1,0.8639018691588785,0.6187325905292479,0.06980140186915888,0.08286908077994429
1,0.9988317757009346,0.5699860724233984,0.19509345794392524,0.18279944289693592
1,1.0283294392523366,0.35759052924791085,0.1398948598130841,0.24860724233983286
1,1.0265771028037383,0.133008356545961,0.1387266355140187,0.2012534818941504
1,0.6790303738317757,0.42409470752089135,0.04848130841121495,0.06789693593314763
1,0.4004088785046729,0.7134401114206128,0.07242990654205607,0.12221448467966574
