1,0.04906542056074766,0.0988857938718663,0.06775700934579439,0.08391364902506963
1,0.11623831775700935,0.09958217270194986,0.06220794392523365,0.08356545961002786
1,0.1810747663551402,0.09923398328690808,0.0630841121495327,0.08391364902506963
1,0.2473714953271028,0.09923398328690808,0.06483644859813084,0.08391364902506963
1,0.1594626168224299,0.2524373259052925,0.09550233644859812,0.14240947075208912
1,0.0657126168224299,0.342966573816156,0.0905373831775701,0.08043175487465182
1,0.1673481308411215,0.35097493036211697,0.09082943925233646,0.04944289693593315
1,0.26080607476635514,0.3206824512534819,0.05724299065420561,0.08913649025069638
1,0.37704439252336447,0.3206824512534819,0.17348130841121495,0.0887883008356546
1,0.48977803738317754,0.3206824512534819,0.04964953271028037,0.08774373259052924
1,0.2748247663551402,0.21866295264623956,0.08615654205607477,0.07103064066852367
1,0.36156542056074764,0.21831476323119778,0.08265186915887851,0.07172701949860724
1,0.4471378504672897,0.21866295264623956,0.08352803738317757,0.07137883008356546
1,0.5540303738317757,0.21831476323119778,0.12646028037383178,0.07103064066852367
1,0.6606308411214953,0.21866295264623956,0.08323598130841121,0.07103064066852367
1,0.7459112149532711,0.21831476323119778,0.08265186915887851,0.0706824512534819
1,0.8314836448598131,0.21831476323119778,0.08294392523364486,0.0706824512534819
1,0.8606892523364486,0.10027855153203342,0.06804906542056074,0.08635097493036212
1,0.9278621495327103,0.10027855153203342,0.0625,0.08565459610027855
1,0.9921144859813084,0.1006267409470752,0.06337616822429906,0.08565459610027855
1,1.0581191588785046,0.10027855153203342,0.0657126168224299,0.08600278551532034
1,1.063376168224299,0.1733983286908078,0.055490654205607476,0.05988857938718663
1,1.0289135514018692,0.22214484679665739,0.07389018691588785,0.07242339832869081
1,1.0292056074766356,0.29352367688022285,0.07389018691588785,0.06406685236768803
1,1.0537383177570094,0.34993036211699163,0.08002336448598131,0.07277158774373259
1,0.9351635514018691,0.2614902506963788,0.058703271028037386,0.1692200557103064
1,0.9363317757009346,0.4112116991643454,0.08031542056074767,0.12430362116991643
1,0.9436331775700935,0.528899721448468,0.08907710280373832,0.1068941504178273
1,1.0525700934579438,0.43175487465181056,0.07651869158878505,0.08356545961002786
1,1.0531542056074767,0.4895543175487465,0.07885514018691589,0.06406685236768803
1,1.0525700934579438,0.5668523676880223,0.07768691588785047,0.08217270194986072
1,1.0578271028037383,0.6476323119777159,0.06629672897196262,0.07416434540389973
1,0.991822429906542,0.6476323119777159,0.06366822429906542,0.07486072423398328
1,0.9269859813084113,0.6479805013927576,0.06337616822429906,0.07416434540389973
1,0.8603971962616822,0.6472841225626741,0.06804906542056074,0.07486072423398328
1,0.856892523364486,0.5243732590529248,0.03329439252336448,0.07277158774373259
1,0.856892523364486,0.4401114206128134,0.03241822429906542,0.04596100278551532
1,0.7683995327102804,0.5459610027855153,0.053154205607476634,0.10793871866295264
1,0.732768691588785,0.5100974930362117,0.03125,0.03655988857938719
1,0.7184579439252337,0.5644150417827298,0.04410046728971963,0.06685236768802229
1,0.6968457943925234,0.5104456824512534,0.03592289719626168,0.03655988857938719
1,0.6615070093457944,0.5104456824512534,0.030957943925233645,0.03690807799442897
1,0.6670560747663551,0.5644150417827298,0.041764018691588786,0.06720055710306407
1,0.6273364485981309,0.5330779944289693,0.03241822429906542,0.13161559888579388
1,0.42260514018691586,0.5174094707520891,0.0397196261682243,0.052924791086350974
1,0.432535046728972,0.5727715877437326,0.05957943925233645,0.05257660167130919
1,0.6066004672897196,0.3203342618384401,0.08148364485981309,0.08252089136490251
1,0.6781542056074766,0.3199860724233983,0.056366822429906545,0.08217270194986072
1,0.8019859813084113,0.3206824512534819,0.03533878504672897,0.08286908077994429
1,0.8478387850467289,0.3203342618384401,0.052570093457943924,0.08217270194986072
