1,1.0733060747663552,0.09296657381615599,0.06483644859813084,0.08252089136490251
1,1.0070093457943925,0.09296657381615599,0.06279205607476636,0.08391364902506963
1,0.9424649532710281,0.09296657381615599,0.0625,0.08321727019498608
1,0.8755841121495327,0.09261838440111421,0.06629672897196262,0.08391364902506963
1,0.9503504672897196,0.25487465181058494,0.05782710280373832,0.16887186629526463
1,1.0277453271028036,0.21622562674094709,0.041179906542056076,0.07381615598885793
1,1.065128504672897,0.22667130919220055,0.03271028037383177,0.05327298050139276
1,1.0776869158878504,0.1674791086350975,0.055490654205607476,0.05988857938718663
1,1.044392523364486,0.28725626740947074,0.07389018691588785,0.0644150417827298
1,1.067464953271028,0.3516713091922006,0.07739485981308411,0.05884401114206128
1,1.0671728971962617,0.41643454038997213,0.07622663551401869,0.06545961002785515
1,1.0519859813084111,0.483983286908078,0.04672897196261682,0.06511142061281337
1,1.067464953271028,0.5612813370473537,0.07739485981308411,0.08286908077994429
1,0.9582359813084113,0.5222841225626741,0.08995327102803738,0.1048050139275766
1,0.9512266355140186,0.40564066852367686,0.08089953271028037,0.125
1,1.0730140186915889,0.6424094707520891,0.06542056074766354,0.07381615598885793
1,1.0067172897196262,0.6424094707520891,0.0630841121495327,0.07486072423398328
1,0.9415887850467289,0.6424094707520891,0.06220794392523365,0.07486072423398328
1,0.8764602803738317,0.6427576601671309,0.06483644859813084,0.07416434540389973
1,0.8717873831775701,0.5184540389972145,0.03212616822429906,0.07311977715877438
1,0.8717873831775701,0.4348885793871866,0.03183411214953271,0.04596100278551532
1,0.7827102803738317,0.5403899721448467,0.053154205607476634,0.10550139275766017
1,0.7473714953271028,0.504874651810585,0.03125,0.03655988857938719
1,0.732768691588785,0.5581476323119777,0.04322429906542056,0.06476323119777158
1,0.7111565420560748,0.5052228412256268,0.03592289719626168,0.03690807799442897
1,0.6758177570093458,0.504874651810585,0.030957943925233645,0.036211699164345405
1,0.6813668224299065,0.5595403899721448,0.04264018691588785,0.06685236768802229
1,0.6419392523364486,0.5215877437325905,0.03241822429906542,0.1288300835654596
1,0.8457943925233645,0.21135097493036212,0.08382009345794393,0.06789693593314763
1,0.8434579439252337,0.3147632311977716,0.08936915887850468,0.08217270194986072
1,0.6915887850467289,0.314066852367688,0.057535046728971966,0.08217270194986072
1,0.7602219626168224,0.21100278551532034,0.08382009345794393,0.06824512534818941
1,0.6752336448598131,0.21100278551532034,0.08294392523364486,0.06754874651810584
1,0.6203271028037384,0.3147632311977716,0.0820677570093458,0.08356545961002786
1,0.5677570093457944,0.21100278551532034,0.12587616822429906,0.06824512534818941
1,0.4608644859813084,0.21135097493036212,0.08294392523364486,0.06894150417827298
1,0.375,0.21135097493036212,0.08352803738317757,0.06894150417827298
1,0.28942757009345793,0.21135097493036212,0.08498831775700935,0.06789693593314763
1,0.27511682242990654,0.31441504178272983,0.055198598130841124,0.08182451253481894
1,0.3627336448598131,0.31441504178272983,0.11740654205607477,0.08252089136490251
1,0.4503504672897196,0.2931754874651811,0.053154205607476634,0.03934540389972145
1,0.495035046728972,0.30745125348189417,0.03125,0.06789693593314763
1,0.4360397196261682,0.5114902506963789,0.040011682242990655,0.05362116991643454
1,0.446553738317757,0.5699860724233984,0.06074766355140187,0.05884401114206128
1,0.17289719626168223,0.24756267409470753,0.09579439252336448,0.14484679665738162
1,0.18078271028037382,0.34435933147632314,0.08674065420560748,0.044916434540389974
1,0.19042056074766356,0.3955431754874652,0.0911214953271028,0.08739554317548746
1,0.07885514018691589,0.3373955431754875,0.09287383177570094,0.07938718662952646
1,0.08820093457943926,0.241991643454039,0.06454439252336448,0.108983286908078
1,0.0625,0.09296657381615599,0.06717289719626168,0.08391364902506963
1,0.12967289719626168,0.09331476323119778,0.0625,0.08356545961002786
1,0.19450934579439252,0.09331476323119778,0.06366822429906542,0.08391364902506963
1,0.2605140186915888,0.09296657381615599,0.06542056074766354,0.08426183844011143
