1,0.06863317757009346,0.17618384401114207,0.058119158878504676,0.10341225626740948
1,0.1261682242990654,0.17618384401114207,0.058703271028037386,0.10515320334261838
1,0.1842873831775701,0.17688022284122562,0.0592873831775701,0.10376044568245125
1,0.24240654205607476,0.18210306406685237,0.05782710280373832,0.11350974930362116
1,0.3142523364485981,0.18245125348189414,0.08615654205607477,0.11350974930362116
1,0.3872663551401869,0.18314763231197773,0.0566588785046729,0.11142061281337047
1,0.4453855140186916,0.18245125348189414,0.056366822429906545,0.11246518105849582
1,0.5035046728971962,0.1834958217270195,0.055782710280373834,0.11316155988857939
1,0.5058411214953271,0.2823816155988858,0.0514018691588785,0.056406685236768804
1,0.4529789719626168,0.2938718662952646,0.05081775700934579,0.07973537604456825
1,0.2383177570093458,0.2928272980501393,0.35835280373831774,0.10550139275766017
1,0.10514018691588785,0.4153899721448468,0.07301401869158879,0.13823119777158774
1,0.04410046728971963,0.43941504178272983,0.04643691588785047,0.08252089136490251
1,0.018983644859813083,0.5041782729805014,0.037675233644859814,0.03725626740947075
1,0.2240070093457944,0.44045961002785516,0.0566588785046729,0.08809192200557103
1,0.05110981308411215,0.6166434540389972,0.06103971962616823,0.1834958217270195
1,0.11214953271028037,0.5804317548746518,0.055490654205607476,0.07938718662952646
1,0.169392523364486,0.6469359331476323,0.056950934579439255,0.12465181058495822
1,0.22780373831775702,0.6786211699164345,0.055782710280373834,0.06023676880222841
1,0.22780373831775702,0.5654596100278552,0.051985981308411214,0.07486072423398328
1,0.2859228971962617,0.6075905292479109,0.055782710280373834,0.1612116991643454
1,0.34375,0.6079387186629527,0.056074766355140186,0.16086350974930363
1,0.40186915887850466,0.5692896935933147,0.056074766355140186,0.0846100278551532
1,0.40186915887850466,0.6493732590529248,0.056074766355140186,0.07137883008356546
1,0.45005841121495327,0.5438718662952646,0.03650700934579439,0.03586350974930362
1,0.4982476635514019,0.5553621169916435,0.057535046728971966,0.05675487465181058
1,0.5578271028037384,0.5550139275766016,0.057535046728971966,0.05605849582172702
1,0.6174065420560748,0.5553621169916435,0.05782710280373832,0.056406685236768804
1,0.6839953271028038,0.5546657381615598,0.06863317757009346,0.052924791086350974
1,0.46261682242990654,0.6518105849582173,0.06191588785046729,0.06789693593314763
1,0.5365070093457944,0.6312674094707521,0.07768691588785047,0.02193593314763231
1,0.6343457943925234,0.6465877437325905,0.0455607476635514,0.04874651810584958
1,0.6915887850467289,0.6354456824512534,0.05724299065420561,0.09923398328690808
1,0.7537967289719626,0.5839136490250696,0.06337616822429906,0.11525069637883008
1,0.04935747663551402,0.8126740947075209,0.054322429906542055,0.14240947075208912
1,0.5768107476635514,0.7973537604456824,0.9979556074766355,0.17548746518105848
1,1.1025116822429906,0.8154596100278552,0.054322429906542055,0.13892757660167132
1,1.0990070093457944,0.7134401114206128,0.06396028037383178,0.05884401114206128
1,1.0998831775700935,0.6385793871866295,0.056950934579439255,0.07555710306406685
1,1.1010514018691588,0.5598885793871866,0.05841121495327103,0.0665041782729805
1,0.9816004672897196,0.6183844011142061,0.055490654205607476,0.1817548746518106
1,0.9249415887850467,0.6793175487465181,0.054906542056074766,0.05954038997214485
1,0.8665303738317757,0.6075905292479109,0.056074766355140186,0.16016713091922005
1,0.8078271028037384,0.6058495821727019,0.0566588785046729,0.15772980501392758
1,0.7540887850467289,0.5846100278551533,0.0630841121495327,0.11525069637883008
1,0.7505841121495327,0.6664345403899722,0.0566588785046729,0.044916434540389974
1,0.4944509345794392,0.44707520891364905,0.058703271028037386,0.07729805013927576
1,0.544392523364486,0.4582172701949861,0.039135514018691586,0.05466573816155989
1,0.5925817757009346,0.4578690807799443,0.05286214953271028,0.054317548746518104
1,0.5327102803738317,0.39798050139275765,0.040595794392523366,0.05118384401114206
1,0.5759345794392523,0.3983286908077994,0.0397196261682243,0.0504874651810585
1,0.6200350467289719,0.39902506963788303,0.041764018691588786,0.05188022284122563
1,0.6708528037383178,0.4832869080779944,0.03271028037383177,0.04352367688022284
1,0.6454439252336449,0.44986072423398327,0.04994158878504673,0.03795264623955432
1,0.5811915887850467,0.23885793871866295,0.09608644859813084,0.22040389972144847
1,0.9296144859813084,0.4314066852367688,0.08498831775700935,0.11559888579387187
1,1.0470210280373833,0.42827298050139273,0.07242990654205607,0.11455431754874652
1,1.108644859813084,0.43697771587743733,0.04439252336448598,0.07346796657381616
1,1.1080607476635513,0.32520891364902504,0.04877336448598131,0.14380222841225626
1,1.1039719626168225,0.1733983286908078,0.05841121495327103,0.11176880222841226
1,1.0481892523364487,0.16678272980501394,0.0651285046728972,0.10828690807799443
1,0.9734228971962616,0.1615598885793872,0.08849299065420561,0.1208217270194986
1,0.8904789719626168,0.15181058495821728,0.09521028037383178,0.12604456824512536
1,0.8031542056074766,0.13823119777158774,0.09579439252336448,0.1208217270194986
1,0.6711448598130841,0.12221448467966574,0.07213785046728972,0.11176880222841226
1,0.731892523364486,0.12778551532033428,0.06980140186915888,0.108983286908078
1,0.9228971962616822,0.5633704735376045,0.054614485981308414,0.07903899721448468
1,0.6530373831775701,0.2395543175487465,0.04672897196261682,0.09644846796657382
1,0.11127336448598131,0.666782729805014,0.0566588785046729,0.08600278551532034
