1,0.10309579439252337,0.6514623955431755,0.040595794392523366,0.036211699164345405
1,0.11302570093457943,0.5522284122562674,0.019275700934579438,0.17235376044568246
1,0.1726051401869159,0.12116991643454039,0.054322429906542055,0.08530640668523677
1,0.17085280373831777,0.19220055710306408,0.06045560747663552,0.05222841225626741
1,0.15712616822429906,0.2440807799442897,0.04643691588785047,0.0504874651810585
1,0.20297897196261683,0.25696378830083566,0.04468457943925234,0.07590529247910864
1,0.1658878504672897,0.3046657381615599,0.0709696261682243,0.06580779944289694
1,0.16442757009345793,0.36908077994428967,0.07535046728971963,0.05988857938718663
1,0.1641355140186916,0.431058495821727,0.07476635514018691,0.05988857938718663
1,0.14485981308411214,0.4933844011142061,0.03650700934579439,0.06023676880222841
1,0.16325934579439252,0.5553621169916435,0.07330607476635514,0.059192200557103065
1,0.22313084112149534,0.10550139275766017,0.04410046728971963,0.05396935933147632
1,0.27365654205607476,0.11455431754874652,0.0514018691588785,0.07137883008356546
1,0.25029205607476634,0.18419220055710306,0.09813084112149532,0.09923398328690808
1,0.24532710280373832,0.26357938718662954,0.03592289719626168,0.05501392757660167
1,0.28154205607476634,0.26357938718662954,0.03592289719626168,0.05327298050139276
1,0.26343457943925236,0.31337047353760444,0.07213785046728972,0.042827298050139274
1,0.2637266355140187,0.3568941504178273,0.0709696261682243,0.04213091922005571
1,0.26343457943925236,0.4007660167130919,0.07184579439252337,0.04247910863509749
1,0.26343457943925236,0.44463788300835655,0.07184579439252337,0.04213091922005571
1,0.26314252336448596,0.5250696378830083,0.07126168224299065,0.11664345403899722
1,0.2298481308411215,0.717966573816156,0.0943341121495327,0.18454038997214484
1,0.15625,0.7402506963788301,0.05782710280373832,0.1392757660167131
1,0.35455607476635514,0.7197075208913649,0.1509929906542056,0.1855849582172702
1,0.4599883177570093,0.6671309192200557,0.05724299065420561,0.08147632311977716
1,0.5183995327102804,0.6671309192200557,0.05724299065420561,0.08147632311977716
1,0.5686331775700935,0.666782729805014,0.04410046728971963,0.08182451253481894
1,0.6127336448598131,0.666782729805014,0.041764018691588786,0.08112813370473537
1,0.6915887850467289,0.666782729805014,0.02570093457943925,0.08112813370473537
1,0.6778621495327103,0.7705431754874652,0.05286214953271028,0.07973537604456825
1,0.6285046728971962,0.770891364902507,0.04380841121495327,0.08008356545961003
1,0.5841121495327103,0.7712395543175488,0.04264018691588785,0.08147632311977716
1,0.5400116822429907,0.7705431754874652,0.04380841121495327,0.07973537604456825
1,0.495035046728972,0.7705431754874652,0.04322429906542056,0.07973537604456825
1,0.45093457943925236,0.7712395543175488,0.040595794392523366,0.08112813370473537
1,0.5692172897196262,0.7190111420612814,0.2701518691588785,0.023328690807799445
1,0.7391939252336449,0.6528551532033426,0.06542056074766354,0.05466573816155989
1,0.7391939252336449,0.7461699164345403,0.06542056074766354,0.12848189415041783
1,0.8107476635514018,0.6455431754874652,0.07301401869158879,0.04247910863509749
1,0.8101635514018691,0.6876740947075209,0.07389018691588785,0.03969359331476323
1,0.8005257009345794,0.733983286908078,0.05344626168224299,0.04979108635097493
1,0.8113317757009346,0.7858635097493036,0.07535046728971963,0.049094707520891366
1,0.8694509345794392,0.7858635097493036,0.038259345794392524,0.04944289693593315
1,0.8589369158878505,0.7343314763231198,0.05957943925233645,0.05083565459610028
1,0.8685747663551402,0.6664345403899722,0.040011682242990655,0.08286908077994429
1,0.3285630841121495,0.12848189415041783,0.055198598130841124,0.09993036211699165
1,0.3823014018691589,0.12813370473537605,0.04906542056074766,0.1006267409470752
1,0.4342873831775701,0.12848189415041783,0.05169392523364486,0.1006267409470752
1,0.48656542056074764,0.1288300835654596,0.04848130841121495,0.100974930362117
1,0.5435163551401869,0.12848189415041783,0.06133177570093458,0.09993036211699165
1,0.32885514018691586,0.19568245125348188,0.055490654205607476,0.03064066852367688
1,0.32885514018691586,0.2402506963788301,0.055198598130841124,0.05675487465181058
1,0.34345794392523366,0.3022284122562674,0.084696261682243,0.06232590529247911
1,0.3282710280373832,0.4014623955431755,0.054614485981308414,0.12952646239554316
1,0.37149532710280375,0.40181058495821725,0.02949766355140187,0.1309192200557103
1,0.3723714953271028,0.5278551532033426,0.027745327102803738,0.11942896935933148
1,0.37207943925233644,0.225974930362117,0.027453271028037383,0.08983286908077995
1,0.4044976635514019,0.2357242339832869,0.03329439252336448,0.047701949860724235
1,0.4398364485981308,0.2357242339832869,0.03417056074766355,0.04700557103064067
1,0.4223130841121495,0.2837743732590529,0.06980140186915888,0.04456824512534819
1,0.4842289719626168,0.270891364902507,0.05023364485981308,0.0706824512534819
1,0.5294976635514018,0.2705431754874652,0.035630841121495324,0.07103064066852367
1,0.5613317757009346,0.27123955431754876,0.024824766355140186,0.07033426183844012
1,0.5160630841121495,0.20682451253481896,0.11507009345794393,0.05327298050139276
1,0.473714953271028,0.5062674094707521,0.17289719626168223,0.15633704735376044
1,0.6536214953271028,0.12151810584958217,0.15391355140186916,0.08565459610027855
1,0.7152453271028038,0.16469359331476324,0.056074766355140186,0.06023676880222841
1,0.7152453271028038,0.22736768802228413,0.055490654205607476,0.060584958217270196
1,0.6311331775700935,0.21204735376044567,0.11010514018691589,0.0947075208913649
1,0.6261682242990654,0.34052924791086353,0.038843457943925234,0.052924791086350974
1,0.6676401869158879,0.34018105849582175,0.038843457943925234,0.05222841225626741
1,0.709696261682243,0.34018105849582175,0.038843457943925234,0.05257660167130919
1,0.7532126168224299,0.36559888579387184,0.04526869158878505,0.06197771587743733
1,0.583820093457944,0.3889275766016713,0.04322429906542056,0.07555710306406685
1,0.6282126168224299,0.4195682451253482,0.07359813084112149,0.09192200557103064
1,0.6358060747663551,0.5097493036211699,0.057535046728971966,0.0846100278551532
1,0.6985981308411215,0.42513927576601673,0.06162383177570094,0.0967966573816156
1,0.6985981308411215,0.5243732590529248,0.06220794392523365,0.09749303621169916
1,0.7540887850467289,0.4220055710306407,0.04643691588785047,0.04526462395543175
1,0.7537967289719626,0.4634401114206128,0.04672897196261682,0.034122562674094706
1,0.7537967289719626,0.4961699164345404,0.04672897196261682,0.027158774373259052
1,0.7818341121495327,0.5494428969359332,0.04293224299065421,0.07277158774373259
1,0.7450350467289719,0.560933147632312,0.02832943925233645,0.05222841225626741
1,0.8285630841121495,0.5069637883008357,0.04614485981308411,0.15772980501392758
1,0.9176401869158879,0.44672701949860727,0.13054906542056074,0.03725626740947075
1,0.8008177570093458,0.09505571030640668,0.0969626168224299,0.033426183844011144
1,0.7862149532710281,0.13857938718662952,0.024824766355140186,0.04874651810584958
1,0.8247663551401869,0.13788300835654596,0.0481892523364486,0.04944289693593315
1,0.8127920560747663,0.21065459610027856,0.02453271028037383,0.04665738161559889
1,0.758177570093458,0.20995821727019498,0.026869158878504672,0.04700557103064067
1,0.7847546728971962,0.24651810584958217,0.08148364485981309,0.0201949860724234
1,0.8314836448598131,0.2823816155988858,0.055198598130841124,0.04735376044568245
1,0.8957359813084113,0.13370473537604458,0.08995327102803738,0.11107242339832869
1,0.9179322429906542,0.2277158774373259,0.04439252336448598,0.0745125348189415
1,0.9845210280373832,0.17409470752089137,0.0852803738317757,0.19080779944289694
1,1.1185747663551402,0.17409470752089137,0.18078271028037382,0.1915041782729805
1,1.139018691588785,0.30536211699164345,0.14018691588785046,0.06545961002785515
1,1.0108060747663552,0.38857938718662954,0.05110981308411215,0.1532033426183844
1,1.0645443925233644,0.42270194986072424,0.053738317757009345,0.10341225626740948
1,1.1235397196261683,0.42235376044568246,0.06045560747663552,0.10236768802228412
1,1.1816588785046729,0.4220055710306407,0.05286214953271028,0.16608635097493035
1,1.1235397196261683,0.35376044568245124,0.06074766355140187,0.030292479108635098
1,0.9155957943925234,0.5264623955431755,0.125,0.11768802228412256
1,0.9915303738317757,0.6302228412256268,0.20210280373831777,0.0908774373259053
1,1.009053738317757,0.7444289693593314,0.23773364485981308,0.1333565459610028
1,1.1691004672897196,0.709958217270195,0.0794392523364486,0.06580779944289694
1,1.1691004672897196,0.7771587743732591,0.0794392523364486,0.06580779944289694
1,1.1772780373831775,0.6476323119777159,0.06162383177570094,0.05327298050139276
1,1.1796144859813085,0.5759052924791086,0.055490654205607476,0.07381615598885793
1,1.0782710280373833,0.5511838440111421,0.08060747663551401,0.06685236768802229
1,1.0779789719626167,0.4958217270194986,0.08060747663551401,0.04073816155988858
0,0.19042056074766356,0.15215877437325906,0.021320093457943924,0.02541782729805014
0,0.19100467289719625,0.20403899721448468,0.021904205607476634,0.02576601671309192
0,0.2123247663551402,0.12360724233983286,0.022488317757009345,0.021239554317548745
0,0.2765771028037383,0.14171309192200557,0.018691588785046728,0.022284122562674095
0,0.3119158878504673,0.1653899721448468,0.02453271028037383,0.02681058495821727
0,0.1726051401869159,0.2318941504178273,0.018983644859813083,0.026462395543175487
0,0.23539719626168223,0.24825905292479108,0.017815420560747662,0.022284122562674095
0,0.2748247663551402,0.24477715877437325,0.020151869158878503,0.020891364902506964
0,0.19217289719626168,0.3245125348189415,0.01985981308411215,0.02437325905292479
0,0.2371495327102804,0.32207520891364905,0.0227803738317757,0.023676880222841225
0,0.19246495327102803,0.3527158774373259,0.02044392523364486,0.02541782729805014
0,0.23656542056074767,0.36559888579387184,0.023072429906542055,0.023328690807799445
0,0.1927570093457944,0.4153899721448468,0.01985981308411215,0.027506963788300837
0,0.23744158878504673,0.3917130919220056,0.023072429906542055,0.02193593314763231
0,0.23539719626168223,0.4352367688022284,0.01985981308411215,0.02298050139275766
0,0.15391355140186916,0.5111420612813371,0.021320093457943924,0.02298050139275766
0,0.1895443925233645,0.5536211699164345,0.018983644859813083,0.023676880222841225
0,0.236857476635514,0.48259052924791085,0.0227803738317757,0.02924791086350975
0,0.23598130841121495,0.5445682451253482,0.02161214953271028,0.023676880222841225
0,0.21436915887850466,0.5153203342618384,0.02394859813084112,0.023328690807799445
0,0.21466121495327103,0.5759052924791086,0.022488317757009345,0.022284122562674095
0,0.1165303738317757,0.6563370473537604,0.019567757009345793,0.02193593314763231
0,0.1658878504672897,0.6173398328690808,0.016939252336448597,0.022284122562674095
0,0.19655373831775702,0.6354456824512534,0.02511682242990654,0.02437325905292479
0,0.2917640186915888,0.6354456824512534,0.024240654205607476,0.02541782729805014
0,0.34725467289719625,0.6051532033426184,0.01985981308411215,0.03168523676880223
0,0.3627336448598131,0.616991643454039,0.018691588785046728,0.021239554317548745
0,0.37207943925233644,0.5776462395543176,0.02453271028037383,0.026462395543175487
0,0.4629088785046729,0.6963788300835655,0.018399532710280372,0.023676880222841225
0,0.46115654205607476,0.7412952646239555,0.01985981308411215,0.02402506963788301
0,0.5198598130841121,0.6977715877437326,0.019275700934579438,0.02437325905292479
0,0.5067172897196262,0.7430362116991643,0.018983644859813083,0.027506963788300837
0,0.5286214953271028,0.7426880222841226,0.020151869158878503,0.02681058495821727
0,0.5569509345794392,0.6974233983286908,0.018983644859813083,0.022632311977715876
0,0.5955023364485982,0.7416434540389972,0.019275700934579438,0.02402506963788301
0,0.6174065420560748,0.741991643454039,0.018691588785046728,0.02402506963788301
0,0.6016355140186916,0.6981197771587744,0.017815420560747662,0.023676880222841225
0,0.679322429906542,0.741991643454039,0.01985981308411215,0.024721448467966575
0,0.666179906542056,0.6981197771587744,0.020151869158878503,0.022284122562674095
0,0.7593457943925234,0.6918523676880223,0.02511682242990654,0.02541782729805014
0,0.7593457943925234,0.6350974930362117,0.02453271028037383,0.02402506963788301
0,0.78125,0.6183844011142061,0.015771028037383176,0.022284122562674095
0,0.8341121495327103,0.6361420612813371,0.023656542056074766,0.02402506963788301
0,0.8200934579439252,0.7433844011142061,0.020151869158878503,0.031337047353760444
0,0.8387850467289719,0.770891364902507,0.017815420560747662,0.024721448467966575
0,0.8624415887850467,0.7190111420612814,0.025408878504672897,0.026114206128133706
0,0.8627336448598131,0.7705431754874652,0.023072429906542055,0.02576601671309192
0,0.9009929906542056,0.6928969359331476,0.02394859813084112,0.029944289693593314
0,1.001752336448598,0.6636490250696379,0.028037383177570093,0.03307799442896936
0,1.0394275700934579,0.6678272980501393,0.020151869158878503,0.023328690807799445
0,1.0771028037383177,0.6615598885793872,0.02832943925233645,0.033426183844011144
0,0.9001168224299065,0.6016713091922006,0.023072429906542055,0.029944289693593314
0,0.8183411214953271,0.575208913649025,0.02453271028037383,0.023676880222841225
0,0.865946261682243,0.5285515320334262,0.02044392523364486,0.02541782729805014
0,0.8440420560747663,0.443941504178273,0.01985981308411215,0.029944289693593314
0,0.9348714953271028,0.4975626740947075,0.020735981308411214,0.02402506963788301
0,0.9929906542056075,0.4449860724233983,0.019275700934579438,0.03064066852367688
0,1.1141939252336448,0.6869777158774373,0.024240654205607476,0.02437325905292479
0,1.137266355140187,0.7607938718662952,0.02044392523364486,0.030292479108635098
0,1.1962616822429906,0.6855849582172702,0.02394859813084112,0.026114206128133706
0,1.1378504672897196,0.6678272980501393,0.017815420560747662,0.022632311977715876
0,1.1542056074766356,0.6364902506963789,0.018691588785046728,0.030988857938718663
0,1.2143691588785046,0.6559888579387186,0.015186915887850467,0.023676880222841225
0,1.1010514018691588,0.6016713091922006,0.023072429906542055,0.029596100278551533
0,1.089661214953271,0.5261142061281338,0.023656542056074766,0.02402506963788301
0,1.134053738317757,0.48363509749303624,0.018107476635514017,0.022632311977715876
0,1.1115654205607477,0.5027855153203342,0.01985981308411215,0.02193593314763231
0,1.0478971962616823,0.4658774373259053,0.019567757009345793,0.026114206128133706
0,1.1039719626168225,0.46552924791086353,0.020151869158878503,0.023676880222841225
0,1.1655957943925233,0.4909470752089137,0.018983644859813083,0.028203342618384402
0,1.1007593457943925,0.35480501392757663,0.01985981308411215,0.029944289693593314
0,1.1629672897196262,0.35480501392757663,0.021320093457943924,0.029596100278551533
0,1.1235397196261683,0.3283426183844011,0.018107476635514017,0.021239554317548745
0,1.076518691588785,0.30396935933147634,0.02161214953271028,0.03064066852367688
0,0.9883177570093458,0.3206824512534819,0.024824766355140186,0.023676880222841225
0,1.0029205607476634,0.26114206128133705,0.02336448598130841,0.022632311977715876
0,1.0420560747663552,0.26114206128133705,0.02511682242990654,0.026462395543175487
0,0.9024532710280374,0.2280640668523677,0.018983644859813083,0.03064066852367688
0,0.8382009345794392,0.24756267409470753,0.018983644859813083,0.02541782729805014
0,0.8779205607476636,0.20055710306406685,0.02511682242990654,0.02402506963788301
0,0.8539719626168224,0.22493036211699163,0.01985981308411215,0.023328690807799445
0,0.6889602803738317,0.6350974930362117,0.018983644859813083,0.025069637883008356
0,0.7424065420560748,0.5769498607242339,0.017815420560747662,0.024721448467966575
0,0.7897196261682243,0.5226323119777159,0.02453271028037383,0.02158774373259053
0,0.6752336448598131,0.5473537604456824,0.013434579439252336,0.015668523676880222
0,0.6912967289719626,0.5480501392757661,0.012850467289719626,0.016364902506963788
0,0.7067757009345794,0.5477019498607242,0.01197429906542056,0.014972144846796657
0,0.7228387850467289,0.5355153203342619,0.012266355140186916,0.016713091922005572
0,0.7342289719626168,0.5201949860724234,0.013726635514018691,0.01532033426183844
0,0.7701518691588785,0.49303621169916434,0.018691588785046728,0.019846796657381614
0,0.7228387850467289,0.49303621169916434,0.018983644859813083,0.020891364902506964
0,0.7692757009345794,0.46831476323119775,0.01985981308411215,0.0201949860724234
0,0.7234228971962616,0.4561281337047354,0.019275700934579438,0.0201949860724234
0,0.7686915887850467,0.43175487465181056,0.02102803738317757,0.02193593314763231
0,0.7669392523364486,0.3840529247910863,0.023072429906542055,0.025069637883008356
0,0.6758177570093458,0.4133008356545961,0.011682242990654205,0.017409470752089137
0,0.6912967289719626,0.4014623955431755,0.013142523364485981,0.015668523676880222
0,0.8084112149532711,0.19463788300835655,0.015771028037383176,0.023328690807799445
0,0.8092873831775701,0.2277158774373259,0.015771028037383176,0.021239554317548745
0,0.7622663551401869,0.19463788300835655,0.015478971962616822,0.023328690807799445
0,0.7625584112149533,0.22945682451253482,0.014894859813084112,0.022284122562674095
0,0.7543808411214953,0.24895543175487464,0.019567757009345793,0.02437325905292479
0,0.6921728971962616,0.21692200557103064,0.021320093457943924,0.023676880222841225
0,0.6939252336448598,0.15529247910863508,0.024240654205607476,0.02298050139275766
0,0.6758177570093458,0.24721448467966572,0.01985981308411215,0.024721448467966575
0,0.584696261682243,0.27263231197771587,0.022488317757009345,0.02402506963788301
0,0.563376168224299,0.2440807799442897,0.020151869158878503,0.026114206128133706
0,0.5367990654205608,0.2440807799442897,0.020735981308411214,0.02576601671309192
0,0.48335280373831774,0.2440807799442897,0.020151869158878503,0.02402506963788301
0,0.5750584112149533,0.41852367688022285,0.024240654205607476,0.024721448467966575
0,0.6001752336448598,0.45020891364902504,0.0227803738317757,0.029596100278551533
0,0.5998831775700935,0.4909470752089137,0.022488317757009345,0.028551532033426183
0,0.5744742990654206,0.5779944289693594,0.02394859813084112,0.026114206128133706
0,0.3723714953271028,0.34401114206128136,0.026285046728971962,0.02298050139275766
0,0.347838785046729,0.387883008356546,0.018983644859813083,0.030988857938718663
0,0.37207943925233644,0.4195682451253482,0.025408878504672897,0.028551532033426183
0,0.3957359813084112,0.4738857938718663,0.02511682242990654,0.03516713091922006
0,0.3966121495327103,0.2931754874651811,0.02336448598130841,0.022632311977715876
0,0.3977803738317757,0.22075208913649025,0.018691588785046728,0.026114206128133706
0,0.43399532710280375,0.22075208913649025,0.018983644859813083,0.02576601671309192
0,0.3492990654205608,0.22632311977715877,0.02044392523364486,0.02541782729805014
0,0.3087032710280374,0.19254874651810586,0.021904205607476634,0.02402506963788301
0,0.39690420560747663,0.17200557103064068,0.018691588785046728,0.026114206128133706
0,0.41880841121495327,0.17235376044568246,0.018983644859813083,0.028551532033426183
0,0.5005841121495327,0.17026462395543177,0.018983644859813083,0.02541782729805014
0,0.5236565420560748,0.1713091922005571,0.019567757009345793,0.027855153203342618
